일자,기관 합계,기타법인,개인,외국인 합계,전체
"2023/05/04","72457","0","89495","28825","190777"
"2023/05/03","22630","0","27124","5644","55398"
"2023/05/02","8991","63","39812","6140","55006"
"2023/04/28","7171","0","39554","6596","53321"
"2023/04/27","43590","0","28676","25397","97663"
"2023/04/26","24369","0","39589","8438","72396"
"2023/04/25","121421","0","30171","23517","175109"
"2023/04/24","132479","0","39195","21167","192841"
"2023/04/21","142740","0","40583","35821","219144"
"2023/04/20","126197","2215","66593","34279","229284"
"2023/04/19","68502","3532","24608","26863","123505"
"2023/04/18","77746","20570","78859","12154","189329"
"2023/04/17","77855","402","33394","30292","141943"
"2023/04/14","206032","0","38109","2830","246971"
"2023/04/13","53780","0","40059","15994","109833"
"2023/04/12","51895","178","54497","1817","108387"
"2023/04/11","31136","0","52491","15236","98863"
"2023/04/10","23945","35307","41039","7983","108274"
"2023/04/07","13201","18000","23858","9714","64773"
"2023/04/06","28608","36287","93809","21099","179803"
"2023/04/05","70643","4910","31184","18315","125052"
"2023/04/04","79196","22946","53632","8694","164468"
"2023/04/03","66073","2094","44785","24621","137573"
"2023/03/31","79801","2089","27422","15023","124335"
"2023/03/30","18120","0","28743","10603","57466"
"2023/03/29","29466","0","33441","12125","75032"
"2023/03/28","89420","50","70404","17129","177003"
"2023/03/27","76129","13500","73238","11463","174330"
"2023/03/24","25910","5816","17172","16563","65461"
"2023/03/23","38715","0","26710","6546","71971"
"2023/03/22","46274","0","40408","6230","92912"
"2023/03/21","34427","0","28468","17689","80584"
"2023/03/20","46131","0","41373","28706","116210"
"2023/03/17","43339","1","30900","79847","154087"
"2023/03/16","36091","0","26053","6468","68612"
"2023/03/15","76785","1267","15521","6704","100277"
"2023/03/14","39020","7956","39840","25116","111932"
"2023/03/13","39436","0","41652","8778","89866"
"2023/03/10","37198","0","35671","9194","82063"
"2023/03/09","23912","499","14787","751","39949"
"2023/03/08","37934","0","31562","2669","72165"
"2023/03/07","37236","7321","26364","9993","80914"
"2023/03/06","27921","489","19666","8029","56105"
"2023/03/03","21836","0","18626","5751","46213"
"2023/03/02","30606","0","20565","8469","59640"
"2023/02/28","18759","0","29211","11683","59653"
"2023/02/27","40102","200","14986","23612","78900"
"2023/02/24","74863","0","51865","30037","156765"
"2023/02/23","38309","0","32739","21443","92491"
"2023/02/22","49542","0","28893","5108","83543"
"2023/02/21","48736","0","34892","10501","94129"
"2023/02/20","21049","0","26121","6099","53269"
"2023/02/17","26019","529","28909","2029","57486"
"2023/02/16","35697","221","53336","5268","94522"
"2023/02/15","40372","2971","21115","1129","65587"
"2023/02/14","52554","183","18799","1221","72757"
"2023/02/13","54806","0","21334","4214","80354"
"2023/02/10","66517","75","28236","11579","106407"
"2023/02/09","38609","501","27411","2644","69165"
"2023/02/08","83336","0","31756","1779","116871"
"2023/02/07","66120","4363","37748","9297","117528"
"2023/02/06","62202","626","33945","18517","115290"
"2023/02/03","117913","10010","86416","40145","254484"
"2023/02/02","77780","3909","50282","11785","143756"
"2023/02/01","41935","0","31674","4104","77713"
"2023/01/31","89618","0","44261","62316","196195"
"2023/01/30","49708","5002","47981","8434","111125"
"2023/01/27","42579","0","20722","14789","78090"
"2023/01/26","35369","3489","51981","14477","105316"
"2023/01/25","33612","2873","75103","12264","123852"
"2023/01/20","65400","1000","50367","6643","123410"
"2023/01/19","50233","0","47333","6691","104257"
"2023/01/18","89164","100","20495","2331","112090"
"2023/01/17","60638","0","38354","6818","105810"
"2023/01/16","43226","0","41543","40293","125062"
"2023/01/13","22344","100","36040","20389","78873"
"2023/01/12","36584","0","21538","8378","66500"
"2023/01/11","18302","0","31409","21787","71498"
"2023/01/10","32379","3000","34464","20465","90308"
"2023/01/09","53620","3058","101034","40244","197956"
"2023/01/06","47828","4321","61809","28763","142721"
"2023/01/05","123321","541","77867","19675","221404"
"2023/01/04","60115","0","54152","16200","130467"
"2023/01/03","29866","63","75705","28226","133860"
"2023/01/02","51007","100","45470","34991","131568"
"2022/12/29","194392","261","103091","19096","316840"
"2022/12/28","89927","1390","36900","782","128999"
"2022/12/27","79095","1926","40458","22213","143692"
"2022/12/26","78344","0","46821","9350","134515"
"2022/12/23","177232","0","82231","30190","289653"
"2022/12/22","185607","100","114813","78046","378566"
"2022/12/21","135510","100","87356","5908","228874"
"2022/12/20","136682","157","46878","33942","217659"
"2022/12/19","109716","2400","89493","67718","269327"
"2022/12/16","1024953","19870","721511","3034904","4801238"
"2022/12/15","266580","24177","87884","176895","555536"
"2022/12/14","298032","0","48620","117085","463737"
"2022/12/13","92283","0","43873","33075","169231"
"2022/12/12","148879","4385","53680","58557","265501"
"2022/12/09","187575","5183","105580","83258","381596"
"2022/12/08","271452","16902","170491","76460","535305"
"2022/12/07","139986","37498","131489","62618","371591"
"2022/12/06","363914","2116","267267","136361","769658"
"2022/12/05","588253","48931","733976","209428","1580588"
"2022/12/02","68905","0","49908","25543","144356"
"2022/12/01","127253","155","142245","13806","283459"
"2022/11/30","50913","66646","102431","7638","227628"
"2022/11/29","36718","0","46482","5895","89095"
"2022/11/28","79218","195","24317","11349","115079"
"2022/11/25","146521","2000","34241","8293","191055"
"2022/11/24","136132","0","22698","10072","168902"
"2022/11/23","64939","1380","24606","4753","95678"
"2022/11/22","64844","0","21941","6465","93250"
"2022/11/21","70354","0","29968","15223","115545"
"2022/11/18","80171","500","15787","11123","107581"
"2022/11/17","59953","0","30984","15486","106423"
"2022/11/16","80596","0","25606","8260","114462"
"2022/11/15","98731","0","33522","26205","158458"
"2022/11/14","105890","0","51773","41194","198857"
"2022/11/11","264708","500","140243","28244","433695"
"2022/11/10","124362","55","50433","2960","177810"
"2022/11/09","117357","0","18187","16189","151733"
"2022/11/08","158963","0","36850","22338","218151"
"2022/11/07","154143","50","53094","11768","219055"
"2022/11/04","102384","0","49194","17974","169552"
"2022/11/03","95122","0","36979","13138","145239"
"2022/11/02","95508","50","20213","23106","138877"
"2022/11/01","144650","500","26274","11071","182495"
"2022/10/31","125492","0","30438","3139","159069"
"2022/10/28","131353","0","22236","11436","165025"
"2022/10/27","78091","0","47632","16223","141946"
"2022/10/26","63049","4483","35333","11977","114842"
"2022/10/25","65011","0","50089","12297","127397"
"2022/10/24","64516","351","41046","7828","113741"
"2022/10/21","88530","31060","69099","21058","209747"
"2022/10/20","228760","5815","42118","34807","311500"
"2022/10/19","108262","12353","116751","46809","284175"
"2022/10/18","386310","22890","130661","71586","611447"
"2022/10/17","263470","240","127243","64911","455864"
"2022/10/14","208775","535","135042","27077","371429"
"2022/10/13","245483","10000","90248","24169","369900"
"2022/10/12","73561","268","57285","13471","144585"
"2022/10/11","35490","1363","157209","14137","208199"
"2022/10/07","50248","0","60894","8778","119920"
"2022/10/06","88717","66709","35959","11043","202428"
"2022/10/05","110403","4779","69597","13540","198319"
"2022/10/04","72245","63447","75827","14288","225807"
"2022/09/30","35584","25200","84827","13756","159367"
"2022/09/29","42408","0","78044","6219","126671"
"2022/09/28","98756","0","104629","21686","225071"
"2022/09/27","97909","122","41085","36106","175222"
"2022/09/26","86177","3727","136838","40291","267033"
"2022/09/23","73781","109041","108113","12461","303396"
"2022/09/22","50313","4704","118700","13040","186757"
"2022/09/21","40315","6597","40571","5389","92872"
"2022/09/20","79972","5121","45986","8722","139801"
"2022/09/19","43560","32545","44587","5952","126644"
"2022/09/16","69695","114527","156480","2737655","3078357"
"2022/09/15","41157","17211","98867","94049","251284"
"2022/09/14","60196","2801","88883","223504","375384"
"2022/09/13","20228","7000","85249","122055","234532"
"2022/09/08","48574","8728","100065","121475","278842"
"2022/09/07","87124","7478","172665","29413","296680"
"2022/09/06","143095","27000","176097","126254","472446"
"2022/09/05","41095","4585","149633","100418","295731"
"2022/09/02","169720","2580","184615","23144","380059"
"2022/09/01","52154","7874","243662","49540","353230"
"2022/08/31","28082","0","215120","33566","276768"
"2022/08/30","45949","208","168378","31180","245715"
"2022/08/29","153982","2000","452841","111762","720585"
"2022/08/26","470646","1579","550702","64474","1087401"
"2022/08/25","188302","20571","342121","71920","622914"
"2022/08/24","194766","36629","869404","105796","1206595"
"2022/08/23","205550","3133","221572","47607","477862"
"2022/08/22","191462","731","322453","29964","544610"
"2022/08/19","4762","0","108791","3519","117072"
"2022/08/18","16003","0","56463","969","73435"
"2022/08/17","42018","10262","32848","29733","114861"
"2022/08/16","43785","0","30581","70359","144725"
"2022/08/12","67701","15765","50576","12511","146553"
"2022/08/11","79637","8973","52394","22601","163605"
"2022/08/10","38498","200","48258","25317","112273"
"2022/08/09","51861","0","46668","31599","130128"
"2022/08/08","33335","0","37156","38893","109384"
"2022/08/05","44390","64","90673","69326","204453"
"2022/08/04","46874","3120","156494","51746","258234"
"2022/08/03","51151","5511","75280","65110","197052"
"2022/08/02","54461","240","140628","44109","239438"
"2022/08/01","127845","830","156506","60481","345662"
"2022/07/29","96546","1943","116336","44040","258865"
"2022/07/28","68110","50","92808","24698","185666"
"2022/07/27","155767","30","89420","7002","252219"
"2022/07/26","195161","0","80482","28832","304475"
"2022/07/25","189286","0","52550","70488","312324"
"2022/07/22","289615","220","148346","41791","479972"
"2022/07/21","659784","0","158657","46397","864838"
"2022/07/20","853900","3","116913","50987","1021803"
"2022/07/19","201150","7438","77099","22184","307871"
"2022/07/18","185872","0","35443","14397","235712"
"2022/07/15","111566","600","36641","40736","189543"
"2022/07/14","72727","0","32535","41761","147023"
"2022/07/13","67152","540","63495","94635","225822"
"2022/07/12","13930","0","56663","68342","138935"
"2022/07/11","27576","200","46829","48922","123527"
"2022/07/08","8558","6511","25515","99286","139870"
"2022/07/07","72267","0","70622","83383","226272"
"2022/07/06","412174","0","83981","95051","591206"
"2022/07/05","396721","1500","95412","59766","553399"
"2022/07/04","445677","1000","124713","105171","676561"
"2022/07/01","521936","7070","113741","107883","750630"
"2022/06/30","483869","0","68549","36228","588646"
"2022/06/29","37925","0","56332","88673","182930"
"2022/06/28","120564","2085","147310","92708","362667"
"2022/06/27","241960","154","66615","33042","341771"
"2022/06/24","174655","1022","31423","47532","254632"
"2022/06/23","391626","0","90539","66638","548803"
"2022/06/22","154436","107490","195284","68138","525348"
"2022/06/21","218274","22954","68667","34031","343926"
"2022/06/20","154469","3500","250167","26120","434256"
"2022/06/17","75398","1584","82918","34882","194782"
"2022/06/16","46669","0","34602","48498","129769"
"2022/06/15","28228","13","78573","46271","153085"
"2022/06/14","160574","5","150419","17085","328083"
"2022/06/13","101257","4500","127860","15208","248825"
"2022/06/10","154668","0","23760","23921","202349"
"2022/06/09","7201","0","61762","16675","85638"
"2022/06/08","62990","841","61100","38960","163891"
"2022/06/07","15214","0","76072","39512","130798"
"2022/06/03","62393","200","73423","67432","203448"
"2022/06/02","39907","18587","39108","89364","186966"
"2022/05/31","21707","156258","54444","532421","764830"
"2022/05/30","97881","253113","79690","57122","487806"
"2022/05/27","71384","36131","81081","50429","239025"
"2022/05/26","98609","27212","110659","39030","275510"
"2022/05/25","56310","32169","133202","19752","241433"
"2022/05/24","36487","23972","110062","7490","178011"
"2022/05/23","39518","1500","82414","13389","136821"
"2022/05/20","66007","0","84255","29679","179941"
"2022/05/19","14689","0","61979","29397","106065"
"2022/05/18","81291","5100","61567","46688","194646"
"2022/05/17","75871","0","42263","38161","156295"
"2022/05/16","51829","7350","161215","22085","242479"
"2022/05/13","37901","27150","96729","50216","211996"
"2022/05/12","62914","10318","66029","25195","164456"
"2022/05/11","45837","5232","45802","58662","155533"
"2022/05/10","315097","2489","193944","54242","565772"
"2022/05/09","12848","5500","58839","16656","93843"
"2022/05/06","37550","1862","105662","11939","157013"
"2022/05/04","109997","0","175997","26915","312909"
"2022/05/03","151704","1","172999","9566","334270"
"2022/05/02","173377","11000","97847","9871","292095"
"2022/04/29","118864","10200","152241","27820","309125"
"2022/04/28","336128","4049","249805","49651","639633"
"2022/04/27","145813","28458","269384","63265","506920"
"2022/04/26","176199","5155","141021","32138","354513"
"2022/04/25","76384","2900","169235","19527","268046"
"2022/04/22","132181","600","81882","5574","220237"
"2022/04/21","82457","1217","150325","22655","256654"
"2022/04/20","101603","1590","108365","50671","262229"
"2022/04/19","178055","0","98081","61740","337876"
"2022/04/18","263267","11073","216352","99763","590455"
"2022/04/15","234849","3100","274057","31994","544000"
"2022/04/14","169819","11188","120235","9954","311196"
"2022/04/13","178332","30450","198365","102728","509875"
"2022/04/12","77654","122828","243240","14900","458622"
"2022/04/11","140444","46555","191391","7190","385580"
"2022/04/08","200079","37100","95065","9881","342125"
"2022/04/07","262950","700","67058","10294","341002"
"2022/04/06","235357","11205","91486","15412","353460"
"2022/04/05","222804","15200","113309","4198","355511"
"2022/04/04","125381","15000","154543","4504","299428"
"2022/04/01","76122","13059","96636","7614","193431"
"2022/03/31","166036","10050","109444","2133","287663"
"2022/03/30","101133","0","167061","14813","283007"
"2022/03/29","97227","800","208752","13399","320178"
"2022/03/28","74489","21044","137552","4445","237530"
"2022/03/25","155091","5211","60007","12585","232894"
"2022/03/24","115340","23300","71405","5871","215916"
"2022/03/23","79915","800","125217","23262","229194"
"2022/03/22","124635","25000","142416","17430","309481"
"2022/03/21","94688","15600","106989","33626","250903"
"2022/03/18","109388","220100","85931","338811","754230"
"2022/03/17","29819","220000","60220","3573","313612"
"2022/03/16","76529","220000","122189","23534","442252"
"2022/03/15","28163","222500","60835","7759","319257"
"2022/03/14","312727","220001","89945","28417","651090"
"2022/03/11","210211","235","228255","25194","463895"
"2022/03/10","41138","13000","178602","18143","250883"
"2022/03/08","52749","0","222004","15141","289894"
"2022/03/07","40587","32","149585","9149","199353"
"2022/03/04","28940","0","128157","5210","162307"
"2022/03/03","16524","0","177121","1520","195165"
"2022/03/02","178027","0","87002","23914","288943"
"2022/02/28","46597","0","62218","9357","118172"
"2022/02/25","73484","0","99697","1148","174329"
"2022/02/24","9705","120","104887","1449","116161"
"2022/02/23","61808","267","121389","1205","184669"
"2022/02/22","47036","0","119928","269","167233"
"2022/02/21","67946","203","67561","458","136168"
"2022/02/18","51144","0","57818","4217","113179"
"2022/02/17","56124","0","70364","4868","131356"
"2022/02/16","55726","0","73038","436","129200"
"2022/02/15","8237","100","156563","7594","172494"
"2022/02/14","5349","60","127209","2122","134740"
"2022/02/11","12666","0","79711","1814","94191"
"2022/02/10","60587","0","86397","1022","148006"
"2022/02/09","108916","5695","60996","5206","180813"
"2022/02/08","96190","7000","38860","27356","169406"
"2022/02/07","69403","70","74813","16475","160761"
"2022/02/04","91178","416","78846","17922","188362"
"2022/02/03","98755","1894","129438","1851","231938"
"2022/01/28","77809","1633","112563","20414","212419"
"2022/01/27","171183","0","152740","23717","347640"
"2022/01/26","73512","0","67364","3070","143946"
"2022/01/25","44773","350","176237","622","221982"
"2022/01/24","15218","21720","124790","14954","176682"
"2022/01/21","38734","1000","85597","2313","127644"
"2022/01/20","4795","3001","78674","7678","94148"
"2022/01/19","26881","0","91332","10997","129210"
"2022/01/18","78441","0","75258","14003","167702"
"2022/01/17","32271","14","94627","8616","135528"
"2022/01/14","44305","7000","119942","7437","178684"
"2022/01/13","38063","1000","86182","20436","145681"
"2022/01/12","34686","0","125223","9939","169848"
"2022/01/11","44477","0","135635","12066","192178"
"2022/01/10","47137","0","170235","34963","252335"
"2022/01/07","119211","13136","110099","7017","249463"
"2022/01/06","67307","4500","106234","42021","220062"
"2022/01/05","42846","4070","153625","32204","232745"
"2022/01/04","108771","59790","103724","25686","297971"
"2022/01/03","32265","0","217281","30236","279782"
"2021/12/30","10870","0","74737","5337","90944"
"2021/12/29","74166","4403","107646","7178","193393"
"2021/12/28","25320","600","146578","12692","185190"
"2021/12/27","49524","0","80826","32550","162900"
"2021/12/24","90336","0","130792","15082","236210"
"2021/12/23","95355","22","105354","20480","221211"
"2021/12/22","126399","0","138456","56503","321358"
"2021/12/21","857174","1500","918710","192672","1970056"
"2021/12/20","614486","175855","1042142","115376","1947859"
"2021/12/17","253636","5954","70114","30292","359996"
"2021/12/16","184132","30658","72273","4545","291608"
"2021/12/15","199470","6500","62269","8945","277184"
"2021/12/14","586530","64566","83583","50368","785047"
"2021/12/13","44376","0","177195","8711","230282"
"2021/12/10","161157","3946","119000","2377","286480"
"2021/12/09","146553","5","88390","712","235660"
"2021/12/08","68558","0","62317","82118","212993"
"2021/12/07","83258","0","72431","11607","167296"
"2021/12/06","58546","0","166981","19631","245158"
"2021/12/03","250009","12364","200096","5539","468008"
"2021/12/02","298968","0","172017","37280","508265"
"2021/12/01","5888","500","184120","30447","220955"
"2021/11/30","147845","0","207207","110397","465449"
"2021/11/29","32880","64","383957","22518","439419"
"2021/11/26","121359","10","236360","13749","371478"
"2021/11/25","113717","0","80330","7200","201247"
"2021/11/24","113793","1700","125293","29248","270034"
"2021/11/23","45677","12673","166890","9996","235236"
"2021/11/22","18434","4887","188502","7826","219649"
"2021/11/19","89963","5005","185133","6480","286581"
"2021/11/18","68318","10580","176401","19614","274913"
"2021/11/17","38503","29000","142377","58193","268073"
"2021/11/16","37808","1082","202844","6660","248394"
"2021/11/15","26645","0","205010","12775","244430"
"2021/11/12","2668","0","249349","4832","256849"
"2021/11/11","15882","2000","207447","4524","229853"
"2021/11/10","20861","27036","198812","21781","268490"
"2021/11/09","12320","0","243032","18688","274040"
"2021/11/08","8928","2119","227967","48295","287309"
"2021/11/05","36088","10754","174759","34625","256226"
"2021/11/04","45148","74468","400836","8419","528871"
"2021/11/03","55726","185480","499355","38952","779513"
"2021/11/02","56386","100631","334783","1488","493288"
"2021/11/01","31403","173374","396914","45570","647261"
"2021/10/29","18748","51760","293815","2972","367295"
"2021/10/28","28503","20500","353233","8160","410396"
"2021/10/27","134113","21300","280378","13080","448871"
"2021/10/26","36383","22174","305955","10931","375443"
"2021/10/25","164807","25511","424274","32460","647052"
"2021/10/22","87484","38750","903143","18789","1048166"
"2021/10/21","146361","38650","708293","40646","933950"
"2021/10/20","312279","68615","1113561","155177","1649632"
"2021/10/19","519068","4013","847337","118377","1488795"
"2021/10/18","149653","622","450556","146773","747604"
"2021/10/15","38450","4385","524807","44505","612147"
"2021/10/14","785808","78578","926113","90197","1880696"
"2021/10/13","126658","12157","709879","119553","968247"
"2021/10/12","142372","200","558061","173711","874344"
"2021/10/08","9328","21533","691694","141038","863593"
"2021/10/07","15392","90295","490098","21546","617331"
"2021/10/06","30878","6898","681950","126563","846289"
"2021/10/05","46534","10276","1057338","117312","1231460"
"2021/10/01","51659","15580","1059221","15412","1141872"
"2021/09/30","49777","906","710911","7019","768613"
"2021/09/29","125112","56859","1134305","15163","1331439"
"2021/09/28","48742","5916","1857209","40339","1952206"
"2021/09/27","89387","10147","3281447","114100","3495081"
"2021/09/24","18380","1045","1065014","144687","1229126"
"2021/09/23","23286","4614","1301593","143840","1473333"
"2021/09/17","145368","62996","2904572","87642","3200578"
"2021/09/16","124780","26352","2785987","139477","3076596"
"2021/09/15","164852","54831","9672531","488649","10380863"
"2021/09/14","9172665","1311391","69716375","1804571","82005002"