일자,기관 합계,기타법인,개인,외국인 합계,전체
"2023/05/04","51209","50000","62871","5214","169294"
"2023/05/03","14146","40000","75131","605","129882"
"2023/05/02","40318","46862","33326","8677","129183"
"2023/04/28","51056","40000","68506","9367","168929"
"2023/04/27","26576","0","108766","63582","198924"
"2023/04/26","22376","40000","55754","25400","143530"
"2023/04/25","189816","0","33667","35700","259183"
"2023/04/24","173324","401","83739","14136","271600"
"2023/04/21","188473","19238","62938","55131","325780"
"2023/04/20","143082","43500","55845","18515","260942"
"2023/04/19","81599","13500","47566","56901","199566"
"2023/04/18","120222","70377","81063","9833","281495"
"2023/04/17","140464","7045","46822","79072","273403"
"2023/04/14","91288","77224","39700","43035","251247"
"2023/04/13","94127","30000","58773","28296","211196"
"2023/04/12","37370","50010","45042","23452","155874"
"2023/04/11","61163","60000","70332","29176","220671"
"2023/04/10","113886","0","94261","42222","250369"
"2023/04/07","81996","0","22101","14419","118516"
"2023/04/06","75593","0","55317","65074","195984"
"2023/04/05","111351","30000","38476","71042","250869"
"2023/04/04","91920","0","36759","27055","155734"
"2023/04/03","55689","3318","38148","40563","137718"
"2023/03/31","97445","0","99813","59801","257059"
"2023/03/30","93786","0","47393","20418","161597"
"2023/03/29","91445","0","18177","21707","131329"
"2023/03/28","23097","0","21964","35618","80679"
"2023/03/27","94965","15010","65546","100826","276347"
"2023/03/24","46924","7500","21927","40683","117034"
"2023/03/23","92673","0","28479","49750","170902"
"2023/03/22","16257","0","46606","31778","94641"
"2023/03/21","8051","0","27243","12864","48158"
"2023/03/20","26218","0","31612","6377","64207"
"2023/03/17","72190","10","80735","139615","292550"
"2023/03/16","18591","1","78801","9069","106462"
"2023/03/15","27114","1","26118","8321","61554"
"2023/03/14","51951","0","81941","23864","157756"
"2023/03/13","50334","2","67779","13125","131240"
"2023/03/10","26400","0","74001","15792","116193"
"2023/03/09","28998","1","37608","10512","77119"
"2023/03/08","28860","3103","56984","12555","101502"
"2023/03/07","52861","7074","44317","13600","117852"
"2023/03/06","59882","2","34989","25037","119910"
"2023/03/03","24880","1","52929","15765","93575"
"2023/03/02","57862","1","36191","31185","125239"
"2023/02/28","50815","1","52362","50972","154150"
"2023/02/27","55100","2","75814","26895","157811"
"2023/02/24","45332","18364","97174","40703","201573"
"2023/02/23","14224","1","59277","53037","126539"
"2023/02/22","24277","0","39244","171838","235359"
"2023/02/21","26040","2","76697","55988","158727"
"2023/02/20","29729","1","70884","61753","162367"
"2023/02/17","20593","1","23723","75164","119481"
"2023/02/16","29225","1","27133","44888","101247"
"2023/02/15","45922","1","61890","50504","158317"
"2023/02/14","49037","0","17839","33059","99935"
"2023/02/13","71261","0","56974","113501","241736"
"2023/02/10","50884","1","157599","178332","386816"
"2023/02/09","16652","1","29069","52497","98219"
"2023/02/08","23091","1","26785","30026","79903"
"2023/02/07","34284","25005","28224","79745","167258"
"2023/02/06","5809","348","42997","125693","174847"
"2023/02/03","11897","11","112211","227680","351799"
"2023/02/02","34529","3650","153935","49025","241139"
"2023/02/01","37263","0","60738","250927","348928"
"2023/01/31","1375425","500","68352","38749","1483026"
"2023/01/30","31666","7802","75488","127404","242360"
"2023/01/27","49516","501","20437","177458","247912"
"2023/01/26","65889","1750","82201","120999","270839"
"2023/01/25","43856","1750","116817","27973","190396"
"2023/01/20","182860","1753","70263","38962","293838"
"2023/01/19","144028","0","29039","44274","217341"
"2023/01/18","36153","103","124690","103902","264848"
"2023/01/17","50550","252","33226","127803","211831"
"2023/01/16","179954","2652","217559","18287","418452"
"2023/01/13","60233","305","30350","38026","128914"
"2023/01/12","142049","2003","91073","55810","290935"
"2023/01/11","31261","13000","31292","50451","126004"
"2023/01/10","73844","3","18309","25730","117886"
"2023/01/09","61063","2","37004","25628","123697"
"2023/01/06","35428","102","56479","73430","165439"
"2023/01/05","69313","152","171291","28626","269382"
"2023/01/04","9876","200","60226","28846","99148"
"2023/01/03","20124","101","207825","190354","418404"
"2023/01/02","7055","1","45913","17506","70475"
"2022/12/29","72728","504","64159","24589","161980"
"2022/12/28","190841","202","72729","153013","416785"
"2022/12/27","13637","4686","179154","8441","205918"
"2022/12/26","36095","6567","79330","13330","135322"
"2022/12/23","3577","201","101587","28656","134021"
"2022/12/22","9541","178","173303","28339","211361"
"2022/12/21","5353","4","56709","17466","79532"
"2022/12/20","32757","1640","57191","60630","152218"
"2022/12/19","38515","0","21283","31919","91717"
"2022/12/16","33458","2","46874","157307","237641"
"2022/12/15","39427","70","62697","133584","235778"
"2022/12/14","23826","3064","217910","34310","279110"
"2022/12/13","4927","970","81877","22841","110615"
"2022/12/12","6483","1","93335","9072","108891"
"2022/12/09","17079","2","59134","20141","96356"
"2022/12/08","16383","1","77775","9169","103328"
"2022/12/07","3371","100","106156","6724","116351"
"2022/12/06","6611","1","32905","41835","81352"
"2022/12/05","15076","79","48886","26789","90830"
"2022/12/02","29518","0","56695","42069","128282"
"2022/12/01","29749","0","257402","22091","309242"
"2022/11/30","22551","53600","138262","86455","300868"
"2022/11/29","8968","700","141041","37234","187943"
"2022/11/28","28589","0","154806","27841","211236"
"2022/11/25","7924","200","117350","5778","131252"
"2022/11/24","974","0","89665","7341","97980"
"2022/11/23","35748","100","68629","7639","112116"
"2022/11/22","18811","1700","51070","11291","82872"
"2022/11/21","50150","2","82119","55786","188057"
"2022/11/18","5175","0","157286","26413","188874"
"2022/11/17","25573","0","107930","27222","160725"
"2022/11/16","5074","4220","144171","58610","212075"
"2022/11/15","15793","0","69750","58409","143952"
"2022/11/14","35641","2279","320739","85445","444104"
"2022/11/11","110341","12202","244433","47043","414019"
"2022/11/10","17770","302","73935","42339","134346"
"2022/11/09","23206","200","173630","36977","234013"
"2022/11/08","37101","0","85846","11945","134892"
"2022/11/07","56544","0","120218","55318","232080"
"2022/11/04","231678","38","236775","226815","695306"
"2022/11/03","136202","140","121363","280658","538363"
"2022/11/02","86189","33142","115530","195323","430184"
"2022/11/01","197986","3000","63158","146357","410501"
"2022/10/31","158599","4000","137192","269511","569302"
"2022/10/28","110540","2310","58329","110534","281713"
"2022/10/27","314223","7770","127713","207669","657375"
"2022/10/26","147574","900","95569","128469","372512"
"2022/10/25","128066","5371","120677","330075","584189"
"2022/10/24","138089","5953","133151","292474","569667"
"2022/10/21","246148","3418","210874","215872","676312"
"2022/10/20","271496","12086","234370","251314","769266"
"2022/10/19","536836","8041","112465","122067","779409"
"2022/10/18","304155","8203","107065","71841","491264"
"2022/10/17","151429","2580","111850","71956","337815"
"2022/10/14","113185","8149","99965","173104","394403"
"2022/10/13","88421","894","56545","111763","257623"
"2022/10/12","146090","1805","33064","183002","363961"
"2022/10/11","94664","9451","97630","111850","313595"
"2022/10/07","46551","3100","33156","66898","149705"
"2022/10/06","11744","4503","37411","96033","149691"
"2022/10/05","60160","2300","38538","84555","185553"
"2022/10/04","72659","7100","71723","106687","258169"
"2022/09/30","95840","2580","89627","120007","308054"
"2022/09/29","85396","0","58985","49146","193527"
"2022/09/28","58322","602","158692","39000","256616"
"2022/09/27","31563","82","69915","65210","166770"
"2022/09/26","77419","2900","143108","60443","283870"
"2022/09/23","41562","11118","73984","61781","188445"
"2022/09/22","14047","4000","63411","19728","101186"
"2022/09/21","31399","548","40898","85984","158829"
"2022/09/20","20956","95","46822","37200","105073"
"2022/09/19","25417","400","46683","109603","182103"
"2022/09/16","41789","200","138045","585336","765370"
"2022/09/15","14551","0","45063","58700","118314"
"2022/09/14","21564","14145","121492","90293","247494"
"2022/09/13","12794","17827","89270","81420","201311"
"2022/09/08","11246","320","49357","81876","142799"
"2022/09/07","68484","4053","121146","79400","273083"
"2022/09/06","53876","0","41930","32102","127908"
"2022/09/05","69131","0","88710","19628","177469"
"2022/09/02","77915","350","63980","81187","223432"
"2022/09/01","24177","2000","28467","66259","120903"
"2022/08/31","39200","1","54092","63344","156637"
"2022/08/30","8251","0","58951","37007","104209"
"2022/08/29","58570","600","96547","66509","222226"
"2022/08/26","41306","0","64754","48439","154499"
"2022/08/25","67933","740","27918","69000","165591"
"2022/08/24","31094","0","67905","58706","157705"
"2022/08/23","29808","200","51411","155044","236463"
"2022/08/22","17166","0","82443","75896","175505"
"2022/08/19","7965","5000","122342","98500","233807"
"2022/08/18","77616","0","36288","52059","165963"
"2022/08/17","68081","0","67732","75977","211790"
"2022/08/16","99020","4600","76115","99606","279341"
"2022/08/12","119281","2","60208","72108","251599"
"2022/08/11","73720","0","128533","121772","324025"
"2022/08/10","107869","0","40865","87508","236242"
"2022/08/09","259965","0","45736","58228","363929"
"2022/08/08","133124","2","28916","40014","202056"
"2022/08/05","151216","300","33648","6373","191537"
"2022/08/04","73473","0","70899","219861","364233"
"2022/08/03","160807","0","39943","50544","251294"
"2022/08/02","114915","488","55826","46695","217924"
"2022/08/01","146952","100","66384","60710","274146"
"2022/07/29","182795","7175","87270","16485","293725"
"2022/07/28","190646","0","41625","25746","258017"
"2022/07/27","203584","12","34427","19079","257102"
"2022/07/26","390352","0","81010","14826","486188"
"2022/07/25","349809","0","69990","27821","447620"
"2022/07/22","101848","0","26070","17654","145572"
"2022/07/21","145837","0","58238","45887","249962"
"2022/07/20","107780","1","76836","36125","220742"
"2022/07/19","68755","228","30225","21870","121078"
"2022/07/18","97371","15000","45452","36246","194069"
"2022/07/15","142039","0","44234","31329","217602"
"2022/07/14","36789","50","67568","34271","138678"
"2022/07/13","38573","100","30697","37412","106782"
"2022/07/12","35996","50","41982","30752","108780"
"2022/07/11","12951","0","61368","31031","105350"
"2022/07/08","6798","0","64363","36658","107819"
"2022/07/07","4138","0","50204","54311","108653"
"2022/07/06","18671","500","47246","53601","120018"
"2022/07/05","47915","4319","111886","67065","231185"
"2022/07/04","93737","1036","84050","69974","248797"
"2022/07/01","15284","220","86324","134308","236136"
"2022/06/30","55119","61","90295","136517","281992"
"2022/06/29","40258","0","48795","110193","199246"
"2022/06/28","130876","0","127549","151598","410023"
"2022/06/27","50781","1151","65623","89100","206655"
"2022/06/24","60983","11970","46576","105850","225379"
"2022/06/23","66805","0","141561","99011","307377"
"2022/06/22","96059","600","150953","57987","305599"
"2022/06/21","56281","5000","192259","33304","286844"
"2022/06/20","95371","146","160324","32888","288729"
"2022/06/17","418081","10901","486218","4262935","5178135"
"2022/06/16","197326","1770","130870","254381","584347"
"2022/06/15","141023","6101","250357","59928","457409"
"2022/06/14","105068","3549","250064","176517","535198"
"2022/06/13","46389","30414","378266","121990","577059"
"2022/06/10","296744","7400","134971","30457","469572"
"2022/06/09","138000","6445","232718","25990","403153"
"2022/06/08","184045","5100","315026","25636","529807"
"2022/06/07","295598","100","284056","59451","639205"
"2022/06/03","72174","20100","236322","34907","363503"
"2022/06/02","487957","78631","474942","56204","1097734"
"2022/05/31","132423","5100","350014","117497","605034"
"2022/05/30","69242","6040","163765","52398","291445"
"2022/05/27","112074","38191","170965","55474","376704"
"2022/05/26","81432","46423","369903","27593","525351"
"2022/05/25","53125","24253","139485","130462","347325"
"2022/05/24","19341","5141","66233","35870","126585"
"2022/05/23","4177","1000","68278","40548","114003"
"2022/05/20","33688","6492","68593","60793","169566"
"2022/05/19","65461","296","48329","32846","146932"
"2022/05/18","52100","8386","49663","56196","166345"
"2022/05/17","59157","1239","77042","74933","212371"
"2022/05/16","76225","0","67595","51826","195646"
"2022/05/13","41826","1","56466","58763","157056"
"2022/05/12","20820","100","107196","108671","236787"
"2022/05/11","10573","4813","128132","96172","239690"
"2022/05/10","117300","0","105645","35398","258343"
"2022/05/09","32503","0","100302","29173","161978"
"2022/05/06","111858","0","94881","14147","220886"
"2022/05/04","187397","0","121913","10353","319663"
"2022/05/03","209147","5925","125870","13609","354551"
"2022/05/02","79998","200","162730","9306","252234"
"2022/04/29","84482","11300","143729","12959","252470"
"2022/04/28","140243","10000","234756","15243","400242"
"2022/04/27","191725","5700","231632","23659","452716"
"2022/04/26","89830","37599","196258","24486","348173"
"2022/04/25","240823","5004","234234","58059","538120"
"2022/04/22","114458","10010","476701","2150","603319"
"2022/04/21","62608","89453","178330","15635","346026"
"2022/04/20","94477","25347","119350","21274","260448"
"2022/04/19","94373","33999","156981","25388","310741"
"2022/04/18","180581","3626","220804","36482","441493"
"2022/04/15","170508","3400","540016","108309","822233"
"2022/04/14","20423","7756","234510","201175","463864"
"2022/04/13","57751","1559","174773","171406","405489"
"2022/04/12","86996","45035","109974","132684","374689"
"2022/04/11","105636","30704","138549","72704","347593"
"2022/04/08","124440","1567","123509","93015","342531"
"2022/04/07","191061","1413","127272","27860","347606"
"2022/04/06","244000","1436","168169","196982","610587"
"2022/04/05","225329","105","105923","177248","508605"
"2022/04/04","25899","70","167940","93902","287811"
"2022/04/01","80736","2249","169723","12843","265551"
"2022/03/31","62928","66478","200743","11851","342000"
"2022/03/30","47393","355","143970","2428","194146"
"2022/03/29","58116","3276","123580","67973","252945"
"2022/03/28","60232","20000","102236","2908","185376"
"2022/03/25","65201","8210","105235","9427","188073"
"2022/03/24","68173","7118","175186","4506","254983"
"2022/03/23","76054","13703","84137","32556","206450"
"2022/03/22","30562","1821","132930","20637","185950"
"2022/03/21","29004","100","115436","5052","149592"
"2022/03/18","66515","1924","103869","197153","369461"
"2022/03/17","76198","31897","77833","64445","250373"
"2022/03/16","59988","1869","79094","2811","143762"
"2022/03/15","68408","0","116789","13761","198958"
"2022/03/14","56278","5360","111558","14962","188158"
"2022/03/11","77364","6300","223153","13907","320724"
"2022/03/10","33856","18000","169035","18200","239091"
"2022/03/08","30296","5300","164014","66448","266058"
"2022/03/07","32424","15516","139338","23991","211269"
"2022/03/04","35029","48462","257506","4176","345173"
"2022/03/03","40198","0","191343","163","231704"
"2022/03/02","50557","5000","99974","45883","201414"
"2022/02/28","39404","0","75274","115150","229828"
"2022/02/25","19366","0","135052","88492","242910"
"2022/02/24","52000","8751","233912","11051","305714"
"2022/02/23","30139","8448","71738","19196","129521"
"2022/02/22","39903","70","102136","7881","149990"
"2022/02/21","15299","400","101965","4539","122203"
"2022/02/18","17973","0","170544","10312","198829"
"2022/02/17","5423","43510","107847","21077","177857"
"2022/02/16","38001","0","85643","7421","131065"
"2022/02/15","2153","0","78387","38350","118890"
"2022/02/14","6832","0","123638","38433","168903"
"2022/02/11","37072","10828","128930","13209","190039"
"2022/02/10","62199","41946","89177","13942","207264"
"2022/02/09","71425","37815","61784","18732","189756"
"2022/02/08","81183","52066","73573","22374","229196"
"2022/02/07","112410","4100","174749","50833","342092"
"2022/02/04","64233","0","112866","14048","191147"
"2022/02/03","113419","100","136637","29088","279244"
"2022/01/28","54982","0","96555","21314","172851"
"2022/01/27","104042","1201","160808","12533","278584"
"2022/01/26","54521","506","92591","8710","156328"
"2022/01/25","81269","8451","209235","32274","331229"
"2022/01/24","33028","16122","138773","35836","223759"
"2022/01/21","17244","5200","186775","8863","218082"
"2022/01/20","33977","0","127078","22387","183442"
"2022/01/19","19759","0","123515","84036","227310"
"2022/01/18","7438","2300","73765","28778","112281"
"2022/01/17","46275","0","216918","12102","275295"
"2022/01/14","9362","300","218640","30599","258901"
"2022/01/13","62668","3000","95004","7586","168258"
"2022/01/12","79380","24330","154620","10125","268455"
"2022/01/11","10519","2000","142906","8631","164056"
"2022/01/10","10095","1600","135614","16452","163761"
"2022/01/07","52341","6716","72792","4075","135924"
"2022/01/06","72755","0","122246","1302","196303"
"2022/01/05","86437","1","137408","24293","248139"
"2022/01/04","116024","0","171642","91626","379292"
"2022/01/03","20024","0","179596","12778","212398"
"2021/12/30","67921","0","85065","18741","171727"
"2021/12/29","49588","10","222190","76492","348280"
"2021/12/28","55267","501","415753","43545","515066"
"2021/12/27","42074","1003","240455","8935","292467"
"2021/12/24","68105","0","123931","4271","196307"
"2021/12/23","11305","0","176432","4783","192520"
"2021/12/22","40168","10500","151148","2268","204084"
"2021/12/21","117349","700","147397","30321","295767"
"2021/12/20","80841","20770","153106","22482","277199"
"2021/12/17","48868","5219","51525","94373","199985"
"2021/12/16","35942","5280","112631","6400","160253"
"2021/12/15","34120","0","60494","8499","103113"
"2021/12/14","67911","200","122284","64943","255338"
"2021/12/13","11540","5264","173046","13351","203201"
"2021/12/10","43879","12927","63378","23185","143369"
"2021/12/09","92314","81614","84319","36120","294367"
"2021/12/08","3996","36777","112518","53194","206485"
"2021/12/07","14600","3106","125768","46854","190328"
"2021/12/06","47721","5000","274460","30061","357242"
"2021/12/03","27778","40000","157563","21055","246396"
"2021/12/02","30021","14947","129034","31295","205297"
"2021/12/01","56424","5155","272591","32717","366887"
"2021/11/30","293017","5102","382217","276342","956678"
"2021/11/29","57451","10000","264976","18700","351127"
"2021/11/26","51849","0","125182","17202","194233"
"2021/11/25","44070","6100","142248","24166","216584"
"2021/11/24","37081","6594","88392","3107","135174"
"2021/11/23","14890","2070","77567","24824","119351"
"2021/11/22","7952","0","124850","17996","150798"
"2021/11/19","21840","70","138720","28618","189248"
"2021/11/18","32925","5000","273051","39512","350488"
"2021/11/17","54518","70","215333","52806","322727"
"2021/11/16","47324","5070","153453","83061","288908"
"2021/11/15","7727","0","155790","32135","195652"
"2021/11/12","68977","79","113074","28990","211120"
"2021/11/11","16233","55075","148016","30223","249547"
"2021/11/10","69206","0","151567","22377","243150"
"2021/11/09","64985","0","98934","25763","189682"
"2021/11/08","89662","1","135341","19823","244827"
"2021/11/05","58954","95","74825","21944","155818"
"2021/11/04","115120","0","89873","21409","226402"
"2021/11/03","122350","0","91962","30635","244947"
"2021/11/02","189460","3200","110701","66022","369383"
"2021/11/01","78525","0","134897","65046","278468"
"2021/10/29","28382","0","290518","36965","355865"
"2021/10/28","68069","0","87662","17246","172977"
"2021/10/27","90254","0","120030","37048","247332"
"2021/10/26","92104","2070","119464","29546","243184"
"2021/10/25","18820","70","120685","36980","176555"
"2021/10/22","44092","14700","151983","21601","232376"
"2021/10/21","109302","73502","165506","38849","387159"
"2021/10/20","290913","100","288204","34241","613458"
"2021/10/19","121352","0","106858","27647","255857"
"2021/10/18","64702","7381","87200","14889","174172"
"2021/10/15","116757","100","178581","46157","341595"
"2021/10/14","129251","0","109053","20971","259275"
"2021/10/13","92904","0","89734","11226","193864"
"2021/10/12","90236","0","140048","46693","276977"
"2021/10/08","47157","19000","304725","40608","411490"
"2021/10/07","94218","2100","188403","43595","328316"
"2021/10/06","44724","21000","306353","37702","409779"
"2021/10/05","103752","100","238101","82108","424061"
"2021/10/01","82927","548","193767","110060","387302"
"2021/09/30","65162","0","141660","84881","291703"
"2021/09/29","87049","200","344400","34972","466621"
"2021/09/28","82112","0","191319","30541","303972"
"2021/09/27","178299","0","131911","35952","346162"
"2021/09/24","30991","37235","146663","40454","255343"
"2021/09/23","17289","0","197762","79592","294643"
"2021/09/17","69731","0","115795","92513","278039"
"2021/09/16","120818","1700","141410","35339","299267"
"2021/09/15","30332","100","194760","43683","268875"
"2021/09/14","12965","0","124436","66078","203479"
"2021/09/13","69262","132","152143","31489","253026"
"2021/09/10","45170","70","254349","48313","347902"
"2021/09/09","129645","1100","236439","70096","437280"
"2021/09/08","128608","8184","372446","184631","693869"
"2021/09/07","95901","41","140129","148471","384542"
"2021/09/06","36209","0","184960","70203","291372"
"2021/09/03","104714","0","206312","58033","369059"
"2021/09/02","22442","2554","598369","756770","1380135"
"2021/09/01","172429","3000","221114","82728","479271"
"2021/08/31","67629","2150","355568","21445","446792"
"2021/08/30","29482","5010","235179","32225","301896"
"2021/08/27","114144","2533","199999","21824","338500"
"2021/08/26","31581","120","213419","43075","288195"
"2021/08/25","17433","6088","172474","22892","218887"
"2021/08/24","47599","35004","177526","46531","306660"
"2021/08/23","148433","29068","323441","59840","560782"
"2021/08/20","51803","65299","486192","82508","685802"
"2021/08/19","52268","41991","406432","78387","579078"
"2021/08/18","124801","16100","488447","22593","651941"
"2021/08/17","62613","2846","562300","57264","685023"
"2021/08/13","35103","54916","435354","50204","575577"
"2021/08/12","8311","0","184129","13964","206404"
"2021/08/11","64787","1000","331647","16916","414350"
"2021/08/10","46214","1000","255299","9095","311608"
"2021/08/09","14060","6000","188403","24265","232728"
"2021/08/06","88370","5971","156117","40679","291137"
"2021/08/05","78485","4000","221514","12042","316041"
"2021/08/04","206117","6000","264649","19113","495879"
"2021/08/03","34085","0","187449","6985","228519"
"2021/08/02","48829","0","113127","32248","194204"
"2021/07/30","89284","4667","200720","6037","300708"
"2021/07/29","77757","2070","152881","14879","247587"
"2021/07/28","28871","2000","186136","45150","262157"
"2021/07/27","47392","3461","215532","19707","286092"
"2021/07/26","63483","0","182764","16499","262746"
"2021/07/23","30842","3000","166533","42576","242951"
"2021/07/22","179913","13570","511296","108407","813186"
"2021/07/21","25405","2361","263180","17648","308594"
"2021/07/20","41134","5833","317530","22488","386985"
"2021/07/19","43796","6000","223648","18217","291661"
"2021/07/16","268054","7774","299185","9871","584884"
"2021/07/15","237214","20","589138","51823","878195"
"2021/07/14","133063","2000","166686","28211","329960"
"2021/07/13","59648","1000","161114","9241","231003"
"2021/07/12","67743","38049","303098","17289","426179"
"2021/07/09","91475","51732","654246","24371","821824"
"2021/07/08","121173","16000","471816","14109","623098"
"2021/07/07","45196","0","284483","15725","345404"
"2021/07/06","35300","3000","312303","34608","385211"
"2021/07/05","182711","0","316993","35048","534752"
"2021/07/02","236019","500","341529","2405","580453"
"2021/07/01","139489","26000","357701","4495","527685"
"2021/06/30","185740","3441","556519","30798","776498"
"2021/06/29","100049","14988","554190","21001","690228"
"2021/06/28","41469","1000","703642","38207","784318"
"2021/06/25","69389","570","437066","28839","535864"
"2021/06/24","109854","0","289453","2622","401929"
"2021/06/23","98452","0","441491","15018","554961"
"2021/06/22","58951","72242","291741","30897","453831"
"2021/06/21","157795","28000","339588","46218","571601"
"2021/06/18","55098","35337","612260","30465","733160"
"2021/06/17","130751","1253","413064","86259","631327"
"2021/06/16","78728","120","305422","160979","545249"
"2021/06/15","191756","11790","916642","41503","1161691"
"2021/06/14","130090","28097","439775","64117","662079"
"2021/06/11","157349","13591","701827","10409","883176"
"2021/06/10","75935","1242","397899","116733","591809"
"2021/06/09","163037","40835","790331","29014","1023217"
"2021/06/08","21386","56790","449000","96090","623266"
"2021/06/07","131344","600","541204","66855","740003"
"2021/06/04","203875","0","855693","124402","1183970"
"2021/06/03","314145","26580","1560443","154457","2055625"
"2021/06/02","394095","43031","1235107","50128","1722361"
"2021/06/01","269862","85502","766679","129827","1251870"
"2021/05/31","210290","12774","813181","292912","1329157"
"2021/05/28","108398","46040","1199341","128806","1482585"
"2021/05/27","35708","13703","632026","79377","760814"
"2021/05/26","14742","6157","246002","4687","271588"
"2021/05/25","5597","6157","250983","17700","280437"
"2021/05/24","35865","1000","224373","27456","288694"
"2021/05/21","43688","2719","262467","18899","327773"
"2021/05/20","55263","5399","168791","13269","242722"
"2021/05/18","32230","3700","295506","24785","356221"
"2021/05/17","31977","5232","261277","20958","319444"
"2021/05/14","133867","3650","328377","83616","549510"
"2021/05/13","150515","5000","329774","88573","573862"
"2021/05/12","187047","7350","603757","91236","889390"
"2021/05/11","75583","597","271122","154553","501855"
"2021/05/10","126322","22123","440268","59754","648467"
"2021/05/07","121204","62303","273674","62575","519756"
"2021/05/06","85224","1570","529309","19176","635279"
"2021/05/04","50013","300","390798","57903","499014"
"2021/05/03","131109","4","472885","15490","619488"
"2021/04/30","63960","11581","352399","5716","433656"
"2021/04/29","81026","11500","322582","7059","422167"
"2021/04/28","124442","16000","356176","54532","551150"
"2021/04/27","91648","7378","515235","18689","632950"
"2021/04/26","100292","1700","420054","6764","528810"
"2021/04/23","54251","1886","285979","5790","347906"
"2021/04/22","158346","1091","271128","41552","472117"
"2021/04/21","46636","21998","444788","65580","579002"
"2021/04/20","173087","45318","483793","14876","717074"
"2021/04/19","239228","150","359322","40013","638713"
"2021/04/16","33516","150","342176","26010","401852"
"2021/04/15","21865","10304","399788","47378","479335"
"2021/04/14","10988","0","326981","15132","353101"
"2021/04/13","95172","8573","308910","36724","449379"
"2021/04/12","46130","811","341660","8947","397548"
"2021/04/09","48255","11632","189317","44592","293796"
"2021/04/08","55376","14896","500841","151134","722247"
"2021/04/07","32992","12000","295947","49995","390934"
"2021/04/06","33719","1344","286407","61520","382990"
"2021/04/05","131564","50","247080","45769","424463"
"2021/04/02","107043","4968","273794","10524","396329"
"2021/04/01","53193","11794","370747","65231","500965"
"2021/03/31","42301","2531","319633","79776","444241"
"2021/03/30","41656","33911","375285","123509","574361"
"2021/03/29","249943","4963","680518","89248","1024672"
"2021/03/26","125098","3793","1194682","2661","1326234"
"2021/03/25","145484","27000","233905","42373","448762"
"2021/03/24","485044","20141","465247","83239","1053671"
"2021/03/23","64911","400","161622","45252","272185"
"2021/03/22","38313","5677","171299","79621","294910"
"2021/03/19","87490","14343","329903","277086","708822"
"2021/03/18","67902","5270","384443","41157","498772"
"2021/03/17","24903","45100","152344","21818","244165"
"2021/03/16","36200","2100","213102","25349","276751"
"2021/03/15","117695","100","240927","9145","367867"
"2021/03/12","107909","5787","96968","44490","255154"
"2021/03/11","122907","0","76448","44333","243688"
"2021/03/10","12690","3000","119631","56891","192212"
"2021/03/09","70476","400","245183","57647","373706"
"2021/03/08","111820","100","339392","45932","497244"
"2021/03/05","54498","38530","375966","28711","497705"
"2021/03/04","159583","11713","409000","57603","637899"
"2021/03/03","298264","0","147425","44915","490604"
"2021/03/02","158641","37","191276","77609","427563"
"2021/02/26","55959","0","304183","11840","371982"
"2021/02/25","80658","0","156136","3510","240304"
"2021/02/24","102307","24842","132478","75179","334806"
"2021/02/23","160853","8157","158328","21684","349022"
"2021/02/22","141561","2175","295318","25766","464820"
"2021/02/19","170429","69","355551","91080","617129"
"2021/02/18","848612","16126","396288","39959","1300985"
"2021/02/17","520791","0","496006","8057","1024854"
"2021/02/16","135897","30000","163976","10223","340096"
"2021/02/15","189901","150","303902","23471","517424"
"2021/02/10","176430","0","142502","63716","382648"
"2021/02/09","96186","0","197619","11621","305426"
"2021/02/08","190632","2047","160287","800","353766"
"2021/02/05","74211","200","82918","504","157833"
"2021/02/04","196844","6050","140551","8009","351454"
"2021/02/03","249281","0","116521","57847","423649"
"2021/02/02","276711","0","185119","1","461831"
"2021/02/01","239222","49","166154","26583","432008"
"2021/01/29","177213","0","273475","20775","471463"
"2021/01/28","65276","5100","237105","115514","422995"
"2021/01/27","223854","0","138668","90641","453163"
"2021/01/26","421001","85976","259662","210878","977517"
"2021/01/25","132863","50428","871333","23014","1077638"
"2021/01/22","52382","0","360168","48305","460855"
"2021/01/21","78836","0","312183","3934","394953"
"2021/01/20","76922","4250","245676","19082","345930"
"2021/01/19","202368","100","250197","226303","678968"
"2021/01/18","241340","300","297319","57619","596578"
"2021/01/15","232115","0","245940","21091","499146"
"2021/01/14","278626","15520","262832","16295","573273"
"2021/01/13","166722","191","285233","13149","465295"
"2021/01/12","131480","10400","236009","8813","386702"
"2021/01/11","187709","1243","602501","123927","915380"
"2021/01/08","110172","500","399134","26101","535907"
"2021/01/07","42492","15688","412593","85308","556081"
"2021/01/06","462195","1000","536561","235874","1235630"
"2021/01/05","513284","71266","884149","71306","1540005"
"2021/01/04","32024","28421","549325","26079","635849"
"2020/12/30","131449","16980","387511","17506","553446"
"2020/12/29","108334","10010","454896","29004","602244"
"2020/12/28","94704","7876","544155","23873","670608"
"2020/12/24","64467","210","236150","30107","330934"
"2020/12/23","66098","100","313766","18316","398280"
"2020/12/22","40524","0","328568","6789","375881"
"2020/12/21","31453","1033","314345","11171","358002"
"2020/12/18","49633","70","434269","84146","568118"
"2020/12/17","84952","6983","403787","4563","500285"
"2020/12/16","27582","0","92225","5240","125047"
"2020/12/15","46185","18180","127255","31360","222980"
"2020/12/14","22502","0","269455","53423","345380"
"2020/12/11","45313","95","232294","204199","481901"
"2020/12/10","139183","166","138362","163807","441518"
"2020/12/09","54340","255","112328","52151","219074"
"2020/12/08","39895","94","95646","27186","162821"
"2020/12/07","66037","0","322900","6395","395332"
"2020/12/04","118130","0","277208","378266","773604"
"2020/12/03","93147","0","121040","444149","658336"
"2020/12/02","23270","1000","149423","193947","367640"
"2020/12/01","59892","14265","74488","104003","252648"
"2020/11/30","91569","0","152269","170476","414314"
"2020/11/27","35962","0","211653","113694","361309"
"2020/11/26","13953","0","109588","142275","265816"
"2020/11/25","35264","5000","242519","9577","292360"
"2020/11/24","136801","4138","283673","19001","443613"
"2020/11/23","33936","6409","281211","72023","393579"
"2020/11/20","27443","7912","166933","13695","215983"
"2020/11/19","144432","14085","318708","23583","500808"
"2020/11/18","40557","5030","134724","8510","188821"
"2020/11/17","59658","0","184674","23680","268012"
"2020/11/16","250057","0","236276","59272","545605"
"2020/11/13","161000","0","248813","7113","416926"
"2020/11/12","13231","0","101450","4509","119190"
"2020/11/11","24598","0","102804","26759","154161"
"2020/11/10","50417","400","311137","18180","380134"
"2020/11/09","64886","100","126905","22707","214598"
"2020/11/06","85054","0","63012","36580","184646"
"2020/11/05","59983","394","187924","22990","271291"
"2020/11/04","31235","0","77224","10910","119369"
"2020/11/03","35528","0","65205","80081","180814"
"2020/11/02","25739","0","125173","137555","288467"
"2020/10/30","39204","907","147565","15464","203140"
"2020/10/29","36641","500","110065","108823","256029"
"2020/10/28","31992","0","191698","39264","262954"
"2020/10/27","38601","0","238368","39394","316363"
"2020/10/26","130927","1000","298623","13557","444107"
"2020/10/23","62301","53215","101037","148660","365213"
"2020/10/22","201443","37","366728","63006","631214"
"2020/10/21","63756","10000","172242","34026","280024"
"2020/10/20","14125","0","82651","76162","172938"
"2020/10/19","98639","0","100943","67692","267274"
"2020/10/16","30751","3000","164906","22815","221472"
"2020/10/15","141889","0","119231","51871","312991"
"2020/10/14","20123","0","124233","43683","188039"
"2020/10/13","23370","2088","178398","29266","233122"
"2020/10/12","38916","4000","127789","19838","190543"
"2020/10/08","19593","0","158274","32517","210384"
"2020/10/07","26385","0","135398","20943","182726"
"2020/10/06","7366","12000","66969","11830","98165"
"2020/10/05","29388","28000","85189","46914","189491"
"2020/09/29","14887","0","112982","30647","158516"
"2020/09/28","59775","0","55659","30381","145815"
"2020/09/25","76346","0","111626","2898","190870"
"2020/09/24","14459","758","145239","30431","190887"
"2020/09/23","10536","30000","73809","19156","133501"
"2020/09/22","10248","0","135484","42648","188380"
"2020/09/21","1956","100000","114392","10023","226371"
"2020/09/18","84478","19626","74230","26855","205189"
"2020/09/17","59933","120","259754","16972","336779"
"2020/09/16","31669","30000","113383","7275","182327"
"2020/09/15","21203","14017","124936","13373","173529"
"2020/09/14","12181","0","115436","21554","149171"
"2020/09/11","19559","0","126145","5357","151061"
"2020/09/10","53627","1059","122878","12279","189843"
"2020/09/09","128226","72500","112877","10035","323638"
"2020/09/08","159982","0","148517","8750","317249"
"2020/09/07","17249","29154","182689","4547","233639"
"2020/09/04","20644","0","200432","12230","233306"
"2020/09/03","93373","0","138731","24965","257069"
"2020/09/02","18388","3600","97689","4527","124204"
"2020/09/01","42366","0","194211","7036","243613"
"2020/08/31","20050","0","190203","22390","232643"
"2020/08/28","24887","15203","172708","15704","228502"
"2020/08/27","13213","20","173549","18628","205410"
"2020/08/26","39153","10907","197980","13167","261207"
"2020/08/25","43427","29079","134009","16250","222765"
"2020/08/24","116390","0","116379","36367","269136"
"2020/08/21","192036","100","105199","37771","335106"
"2020/08/20","181589","1940","261519","19894","464942"
"2020/08/19","141602","20000","193668","19115","374385"
"2020/08/18","137035","0","186021","22372","345428"
"2020/08/14","66685","0","191161","11451","269297"
"2020/08/13","52553","21772","142729","56674","273728"
"2020/08/12","72275","73521","427373","28655","601824"
"2020/08/11","40241","30000","282014","14224","366479"
"2020/08/10","60996","6000","147054","7740","221790"
"2020/08/07","75428","29000","271586","12740","388754"
"2020/08/06","85201","0","149105","2166","236472"
"2020/08/05","95672","70000","235029","110862","511563"
"2020/08/04","94614","3000","119016","100460","317090"
"2020/08/03","29236","0","127014","84859","241109"
"2020/07/31","53618","0","81148","7602","142368"
"2020/07/30","71035","0","52698","43800","167533"
"2020/07/29","84701","8000","207215","14373","314289"
"2020/07/28","140757","0","186865","4955","332577"
"2020/07/27","47622","918","315270","17321","381131"
"2020/07/24","62097","1158","192286","9608","265149"
"2020/07/23","197192","502","300814","14959","513467"
"2020/07/22","40490","0","121467","197076","359033"
"2020/07/21","39621","0","178871","175619","394111"
"2020/07/20","105225","0","95337","20751","221313"
"2020/07/17","195389","300","145265","42520","383474"
"2020/07/16","172902","4000","124773","13501","315176"
"2020/07/15","142567","7278","219539","37513","406897"
"2020/07/14","14787","2000","127598","16174","160559"
"2020/07/13","15067","0","85764","13261","114092"
"2020/07/10","58835","11400","136609","9736","216580"
"2020/07/09","111390","87008","215362","13751","427511"
"2020/07/08","281177","57553","180301","6514","525545"
"2020/07/07","116600","18312","265364","14038","414314"
"2020/07/06","205933","50523","253747","23738","533941"
"2020/07/03","85796","18227","196237","106462","406722"
"2020/07/02","57206","38531","166705","4879","267321"
"2020/07/01","25805","0","164679","15562","206046"
"2020/06/30","27322","2145","175814","82432","287713"
"2020/06/29","14289","145","299970","39609","354013"
"2020/06/26","39508","10728","388481","34455","473172"
"2020/06/25","102307","2000","162453","22233","288993"
"2020/06/24","54278","0","155282","38097","247657"
"2020/06/23","145503","2000","271874","42921","462298"
"2020/06/22","183536","0","272570","65935","522041"
"2020/06/19","239558","2000","486521","1887970","2616049"
"2020/06/18","148424","15000","392250","32224","587898"
"2020/06/17","155365","15073","352193","115118","637749"
"2020/06/16","299731","30","307044","25705","632510"
"2020/06/15","192563","13000","383750","80021","669334"
"2020/06/12","98953","0","513322","58747","671022"
"2020/06/11","173976","11116","244662","20558","450312"
"2020/06/10","226172","40986","280861","23789","571808"
"2020/06/09","340470","38175","366271","14356","759272"
"2020/06/08","141181","29721","251756","41751","464409"
"2020/06/05","261657","4000","311112","53507","630276"
"2020/06/04","201176","86658","421436","48129","757399"
"2020/06/03","226534","18895","633636","49813","928878"
"2020/06/02","274679","5559","310762","12681","603681"
"2020/06/01","198530","626","430506","70362","700024"
"2020/05/29","384493","7414","825910","1008579","2226396"
"2020/05/28","122216","1482","580489","81481","785668"
"2020/05/27","159232","5426","480776","57628","703062"
"2020/05/26","346879","5000","523690","93043","968612"
"2020/05/25","268402","5907","329236","84622","688167"
"2020/05/22","564088","19287","790334","110367","1484076"
"2020/05/21","232060","14000","696083","22074","964217"
"2020/05/20","43979","0","285225","42606","371810"
"2020/05/19","197361","15000","611353","4488","828202"
"2020/05/18","83507","1","153970","19532","257010"
"2020/05/15","114738","270","177083","5452","297543"
"2020/05/14","85202","5000","280875","44653","415730"
"2020/05/13","77288","2","292524","10060","379874"
"2020/05/12","173297","2500","125559","54917","356273"
"2020/05/11","95707","0","278019","8862","382588"
"2020/05/08","177427","200","97758","1183","276568"
"2020/05/07","175035","0","169821","30118","374974"
"2020/05/06","58728","17167","149605","18165","243665"
"2020/05/04","777855","6225","144543","24547","953170"
"2020/04/29","202609","9250","301899","38479","552237"
"2020/04/28","245730","41556","723637","25255","1036178"
"2020/04/27","136643","0","171566","3560","311769"
"2020/04/24","382146","3836","197142","39359","622483"
"2020/04/23","193544","32088","450130","100041","775803"
"2020/04/22","598344","69678","634268","56951","1359241"
"2020/04/21","99572","37018","232170","75775","444535"
"2020/04/20","129352","21101","274321","82147","506921"
"2020/04/17","216574","3221","494744","25857","740396"
"2020/04/16","160793","6592","179402","26265","373052"
"2020/04/14","93556","0","233468","56801","383825"
"2020/04/13","17252","1000","243338","34706","296296"
"2020/04/10","137906","0","450175","36516","624597"
"2020/04/09","137821","0","211607","3548","352976"
"2020/04/08","168499","0","173608","2223","344330"
"2020/04/07","399451","10","217780","20628","637869"
"2020/04/06","96587","5000","195443","6917","303947"
"2020/04/03","108921","0","101628","7345","217894"
"2020/04/02","88926","0","102452","44740","236118"
"2020/04/01","135012","0","198632","62607","396251"
"2020/03/31","176084","0","192687","4833","373604"
"2020/03/30","90434","0","349962","30916","471312"
"2020/03/27","86693","270","458083","22613","567659"
"2020/03/26","246982","2500","367862","48639","665983"
"2020/03/25","237031","5483","411989","24897","679400"
"2020/03/24","299359","1600","346660","10411","658030"
"2020/03/23","364914","0","532110","48253","945277"
"2020/03/20","546044","2234","313758","122117","984153"
"2020/03/19","200409","31400","720715","326820","1279344"
"2020/03/18","86673","10400","242517","62145","401735"
"2020/03/17","77646","1343","443782","165563","688334"
"2020/03/16","300707","0","409492","234609","944808"
"2020/03/13","560904","2000","1016289","282455","1861648"
"2020/03/12","259578","3700","419300","93022","775600"
"2020/03/11","17421","0","211320","183451","412192"
"2020/03/10","37822","190","213530","173065","424607"
"2020/03/09","99444","2302","376849","40006","518601"
"2020/03/06","82215","1753","227976","12936","324880"
"2020/03/05","224721","40345","320789","192280","778135"
"2020/03/04","284607","0","461567","26209","772383"
"2020/03/03","130095","5000","160371","61346","356812"
"2020/03/02","199953","1470","240743","3028","445194"
"2020/02/28","506504","29","513226","364246","1384005"
"2020/02/27","89269","206","273876","163840","527191"
"2020/02/26","131078","4878","199837","139979","475772"
"2020/02/25","296116","21219","257346","145597","720278"
"2020/02/24","522240","76440","612249","368334","1579263"
"2020/02/21","492961","0","186622","23979","703562"
"2020/02/20","118434","5590","142906","77896","344826"
"2020/02/19","135306","11834","225725","9109","381974"
"2020/02/18","187316","278","221856","35536","444986"
"2020/02/17","492602","25630","262527","25574","806333"
"2020/02/14","745275","45390","593908","43388","1427961"
"2020/02/13","176899","0","140985","4041","321925"
"2020/02/12","311131","3000","203504","14427","532062"
"2020/02/11","143396","27397","250584","9057","430434"
"2020/02/10","62742","0","130334","5493","198569"
"2020/02/07","217972","12297","105575","15199","351043"
"2020/02/06","82378","19908","209977","55390","367653"
"2020/02/05","20324","34000","275991","4954","335269"
"2020/02/04","204438","6541","196520","39449","446948"
"2020/02/03","213153","52758","503450","135119","904480"
"2020/01/31","252962","39225","458127","81988","832302"
"2020/01/30","868540","72074","346880","163683","1451177"
"2020/01/29","130776","7000","312431","22133","472340"
"2020/01/28","379572","11292","846940","172514","1410318"
"2020/01/23","296935","20383","550381","144116","1011815"
"2020/01/22","92362","22","253516","33417","379317"
"2020/01/21","148550","0","223494","93342","465386"
"2020/01/20","82128","2278","308118","13854","406378"
"2020/01/17","185778","1000","276049","111910","574737"
"2020/01/16","147885","6900","275802","42710","473297"
"2020/01/15","329214","1456","507481","109185","947336"
"2020/01/14","829638","15155","1168418","323592","2336803"
"2020/01/13","370828","85000","964731","108763","1529322"
"2020/01/10","266670","100390","325333","19751","712144"
"2020/01/09","117446","38058","249286","6043","410833"
"2020/01/08","141325","67811","808734","116527","1134397"
"2020/01/07","314319","2718","407177","105391","829605"
"2020/01/06","337211","10","579423","88559","1005203"
"2020/01/03","67022","1681","393101","86174","547978"
"2020/01/02","324856","7300","318860","6358","657374"
"2019/12/30","106893","24412","338318","3029","472652"
"2019/12/27","270580","20001","584468","14716","889765"
"2019/12/26","162304","7952","688672","11529","870457"
"2019/12/24","180365","12880","283268","11035","487548"
"2019/12/23","119932","4674","241879","28828","395313"
"2019/12/20","44651","0","358203","69710","472564"
"2019/12/19","169005","90354","503550","77650","840559"
"2019/12/18","120627","6769","367691","28109","523196"
"2019/12/17","99212","0","372945","33537","505694"
"2019/12/16","558348","61719","745550","21961","1387578"
"2019/12/13","848906","172025","386765","58718","1466414"
"2019/12/12","195597","346962","248314","21152","812025"
"2019/12/11","515005","0","326846","9385","851236"
"2019/12/10","226482","0","533321","22397","782200"
"2019/12/09","321681","24412","421932","3460","771485"
"2019/12/06","384344","4010","543368","15592","947314"
"2019/12/05","99341","62730","723337","69569","954977"
"2019/12/04","93150","12038","573267","127540","805995"
"2019/12/03","378843","25421","668862","578101","1651227"
"2019/12/02","1293509","147458","1051286","536018","3028271"
"2019/11/29","39190","3000","549095","41","591326"
"2019/11/28","102805","0","321315","7062","431182"
"2019/11/27","39216","8452","623712","34743","706123"
"2019/11/26","10548","15000","512874","5996","544418"
"2019/11/25","71155","7936","434502","8372","521965"
"2019/11/22","39495","35080","670598","29922","775095"
"2019/11/21","14299","1600","571761","20719","608379"
"2019/11/20","23598","18444","501915","38015","581972"
"2019/11/19","174342","39000","915900","46894","1176136"
"2019/11/18","43876","15000","851527","203966","1114369"
"2019/11/15","181992","40592","1019315","15041","1256940"
"2019/11/14","39634","43000","892667","15736","991037"
"2019/11/13","208502","69259","800055","43193","1121009"
"2019/11/12","94314","12756","1142812","32648","1282530"
"2019/11/11","36661","13900","1000436","57411","1108408"
"2019/11/08","308503","37005","2455039","54244","2854791"
"2019/11/07","20592","21200","1967053","128384","2137229"
"2019/11/06","33246","0","2014798","932713","2980757"
"2019/11/05","303273","373506","6743030","495900","7915709"
"2019/11/04","82727","51642","4593775","482845","5210989"
"2019/11/01","338722","50209","5604119","707332","6700382"
"2019/10/31","3007843","292017","31258451","3850268","38408579"
"2019/10/30","6499206","1379023","29753352","8772654","46404235"