일자,기관 합계,기타법인,개인,외국인 합계,전체
"2023/05/04","27138","11776","33954","7145","80013"
"2023/05/03","57221","7640","29677","4517","99055"
"2023/05/02","47794","1004","23394","39472","111664"
"2023/04/28","65433","1213","106932","16953","190531"
"2023/04/27","31845","85","30026","51821","113777"
"2023/04/26","66549","4201","89575","11954","172279"
"2023/04/25","152935","1000","242595","29523","426053"
"2023/04/24","67511","2000","35479","62434","167424"
"2023/04/21","64336","1000","58625","27179","151140"
"2023/04/20","62189","3660","75514","19864","161227"
"2023/04/19","66400","19814","95410","129251","310875"
"2023/04/18","183162","4691","126723","48836","363412"
"2023/04/17","320659","703","186260","87579","595201"
"2023/04/14","157540","0","90713","135785","384038"
"2023/04/13","90706","918","62933","113637","268194"
"2023/04/12","121108","1","54090","76930","252129"
"2023/04/11","314746","0","31690","63801","410237"
"2023/04/10","312587","1760","78272","82851","475470"
"2023/04/07","215931","0","59345","79416","354692"
"2023/04/06","209549","0","70413","75808","355770"
"2023/04/05","51104","1","34776","62463","148344"
"2023/04/04","37022","0","17149","30899","85070"
"2023/04/03","50620","1","58953","58659","168233"
"2023/03/31","40864","200","24636","37437","103137"
"2023/03/30","125805","0","65959","89774","281538"
"2023/03/29","84240","1001","61078","4636","150955"
"2023/03/28","73867","3600","35606","14240","127313"
"2023/03/27","89131","501","50039","12899","152570"
"2023/03/24","60786","464","46116","37553","144919"
"2023/03/23","65336","451","40967","3331","110085"
"2023/03/22","102623","376","22241","10568","135808"
"2023/03/21","27183","0","16766","2525","46474"
"2023/03/20","63439","201","24048","65032","152720"
"2023/03/17","53918","606","21527","133588","209639"
"2023/03/16","56578","201","27720","3360","87859"
"2023/03/15","72386","301","34857","375","107919"
"2023/03/14","20585","1201","50770","666","73222"
"2023/03/13","15020","13207","18187","2711","49125"
"2023/03/10","25204","500","37760","6519","69983"
"2023/03/09","8694","0","22900","0","31594"
"2023/03/08","28644","0","69022","1009","98675"
"2023/03/07","65245","5863","36757","10502","118367"
"2023/03/06","42616","6851","28727","14928","93122"
"2023/03/03","61141","19299","115879","27622","223941"
"2023/03/02","28235","0","33860","7811","69906"
"2023/02/28","17896","569","23157","5481","47103"
"2023/02/27","23521","2152","8672","11108","45453"
"2023/02/24","57228","1","7102","14789","79120"
"2023/02/23","49458","1","41072","9177","99708"
"2023/02/22","45409","0","8735","4054","58198"
"2023/02/21","43557","200","9395","6130","59282"
"2023/02/20","39769","401","13299","8747","62216"
"2023/02/17","30631","1","10538","1231","42401"
"2023/02/16","43131","0","32057","13951","89139"
"2023/02/15","10732","0","39916","9896","60544"
"2023/02/14","22773","0","20521","7108","50402"
"2023/02/13","57813","1000","32419","5399","96631"
"2023/02/10","26687","0","18222","4947","49856"
"2023/02/09","37360","1744","33943","12393","85440"
"2023/02/08","39049","0","18957","6223","64229"
"2023/02/07","42301","3001","10027","12655","67984"
"2023/02/06","18422","730","7587","30152","56891"
"2023/02/03","91212","9","21641","23537","136399"
"2023/02/02","45183","1225","16135","11261","73804"
"2023/02/01","43384","0","25073","7104","75561"
"2023/01/31","40044","11975","9317","12751","74087"
"2023/01/30","53499","326","19876","9145","82846"
"2023/01/27","33076","503","19934","20446","73959"
"2023/01/26","27106","626","32880","13867","74479"
"2023/01/25","44194","669","18110","6163","69136"
"2023/01/20","34198","714","31600","5106","71618"
"2023/01/19","50421","0","4577","16175","71173"
"2023/01/18","39830","0","20097","12240","72167"
"2023/01/17","20228","3","6877","14036","41144"
"2023/01/16","35840","626","27643","5950","70059"
"2023/01/13","24580","2","7029","3705","35316"
"2023/01/12","17051","2","9055","3175","29283"
"2023/01/11","13158","500","6702","10491","30851"
"2023/01/10","24144","1004","38234","7166","70548"
"2023/01/09","22507","1","28215","19506","70229"
"2023/01/06","20360","761","19146","12735","53002"
"2023/01/05","64431","246","62261","7506","134444"
"2023/01/04","14841","204253","34778","7346","261218"
"2023/01/03","21841","48","47601","14373","83863"
"2023/01/02","43322","95","41818","9591","94826"
"2022/12/29","5149","0","15307","5637","26093"
"2022/12/28","6404","0","26415","2780","35599"
"2022/12/27","17629","730","15707","9940","44006"
"2022/12/26","5734","0","40607","1413","47754"
"2022/12/23","38796","0","16798","3625","59219"
"2022/12/22","75697","6","20008","2139","97850"
"2022/12/21","31462","8","13277","1759","46506"
"2022/12/20","36427","817","17581","2416","57241"
"2022/12/19","37052","1178","18749","5048","62027"
"2022/12/16","46483","1007","35513","3277","86280"
"2022/12/15","51153","201","14201","3287","68842"
"2022/12/14","54735","1210","10970","3633","70548"
"2022/12/13","18884","890","15957","2347","38078"
"2022/12/12","18190","736","11798","1668","32392"
"2022/12/09","65838","1003","12066","5973","84880"
"2022/12/08","23102","0","16050","2954","42106"
"2022/12/07","6878","7800","13144","3476","31298"
"2022/12/06","19521","0","29660","4422","53603"
"2022/12/05","29794","0","24204","6465","60463"
"2022/12/02","25974","0","19064","8732","53770"
"2022/12/01","32928","1","8526","8058","49513"
"2022/11/30","19071","900","13496","1376","34843"
"2022/11/29","7906","0","9919","11802","29627"
"2022/11/28","64030","1000","23108","7803","95941"
"2022/11/25","18141","0","12632","8354","39127"
"2022/11/24","33956","1","16347","12564","62868"
"2022/11/23","25280","0","26210","31400","82890"
"2022/11/22","16059","0","15032","10317","41408"
"2022/11/21","15413","6","15202","7287","37908"
"2022/11/18","18954","1","15646","6439","41040"
"2022/11/17","9834","1","15007","17087","41929"
"2022/11/16","26149","4810","14578","31549","77086"
"2022/11/15","22483","1000","13156","34686","71325"
"2022/11/14","8009","2","21705","22252","51968"
"2022/11/11","34797","109","46205","47635","128746"
"2022/11/10","49765","1001","26283","7485","84534"
"2022/11/09","37392","0","18240","2552","58184"
"2022/11/08","35139","1","11849","2463","49452"
"2022/11/07","68336","2374","27242","10999","108951"
"2022/11/04","29836","2200","40512","13163","85711"
"2022/11/03","41100","1066","41454","12134","95754"
"2022/11/02","206196","1877","70645","44588","323306"
"2022/11/01","47339","585","39321","27144","114389"
"2022/10/31","86919","22830","64001","25995","199745"
"2022/10/28","27313","8357","16138","5730","57538"
"2022/10/27","20424","1816","19659","12063","53962"
"2022/10/26","32236","3450","23304","12700","71690"
"2022/10/25","7211","568","19451","4423","31653"
"2022/10/24","9140","479","23958","7560","41137"
"2022/10/21","19833","7141","44525","29904","101403"
"2022/10/20","123328","21942","74176","35173","254619"
"2022/10/19","145824","1107","37033","35062","219026"
"2022/10/18","168977","597","51839","25506","246919"
"2022/10/17","116436","2000","77830","24872","221138"
"2022/10/14","41034","0","37692","22684","101410"
"2022/10/13","92887","2230","103041","27298","225456"
"2022/10/12","32588","228","42408","11693","86917"
"2022/10/11","34013","0","64951","14574","113538"
"2022/10/07","36903","0","28766","12929","78598"
"2022/10/06","15208","1500","39430","1340","57478"
"2022/10/05","53396","7240","102602","5440","168678"
"2022/10/04","9157","2261","41190","10638","63246"
"2022/09/30","52800","14015","108362","21605","196782"
"2022/09/29","21403","2697","48381","21841","94322"
"2022/09/28","43180","0","63676","21994","128850"
"2022/09/27","15936","3031","67403","15702","102072"
"2022/09/26","27963","2032","141273","23089","194357"
"2022/09/23","19489","711","47724","9209","77133"
"2022/09/22","55347","502","11939","5012","72800"
"2022/09/21","23834","97","16080","11227","51238"
"2022/09/20","4145","120","14555","8273","27093"
"2022/09/19","47058","0","24941","55615","127614"
"2022/09/16","50569","2201","69110","1408710","1530590"
"2022/09/15","12592","8","69999","60769","143368"
"2022/09/14","34202","200","92975","69615","196992"
"2022/09/13","19241","8737","40484","111890","180352"
"2022/09/08","8137","2","21546","43521","73206"
"2022/09/07","25195","2","37144","23102","85443"
"2022/09/06","29210","0","28420","13016","70646"
"2022/09/05","5343","0","15406","9588","30337"
"2022/09/02","10641","1","12072","16915","39629"
"2022/09/01","36724","1006","15449","39175","92354"
"2022/08/31","11044","1000","61165","14016","87225"
"2022/08/30","26815","14","29996","18350","75175"
"2022/08/29","22253","0","30221","31320","83794"
"2022/08/26","35977","0","28521","14875","79373"
"2022/08/25","39436","40","35795","25675","100946"
"2022/08/24","1928","284","18342","69915","90469"
"2022/08/23","24029","0","29454","63656","117139"
"2022/08/22","1905","2","46838","82687","131432"
"2022/08/19","77158","1508","102511","16600","197777"
"2022/08/18","92344","1004","70003","35301","198652"
"2022/08/17","43811","1000","33464","86571","164846"
"2022/08/16","52407","0","29260","142442","224109"
"2022/08/12","18359","2","166969","9702","195032"
"2022/08/11","6862","6808","25262","612","39544"
"2022/08/10","3733","0","19056","669","23458"
"2022/08/09","18158","0","24461","3899","46518"
"2022/08/08","39319","1937","22473","37428","101157"
"2022/08/05","30291","1004","22744","20127","74166"
"2022/08/04","27729","0","33298","48563","109590"
"2022/08/03","26695","11","43705","11741","82152"
"2022/08/02","24539","0","50610","30766","105915"
"2022/08/01","27444","0","21564","15037","64045"
"2022/07/29","51766","2515","19545","24129","97955"
"2022/07/28","53703","0","8910","26526","89139"
"2022/07/27","52116","5","15024","21033","88178"
"2022/07/26","39196","35","9644","6155","55030"
"2022/07/25","50553","1005","15754","39222","106534"
"2022/07/22","86906","300","37577","42528","167311"
"2022/07/21","81366","4881","86542","34561","207350"
"2022/07/20","111313","100","59453","44631","215497"
"2022/07/19","44344","20","21954","31381","97699"
"2022/07/18","80577","2000","26474","14861","123912"
"2022/07/15","44473","1000","33683","3151","82307"
"2022/07/14","9215","1000","9569","2232","22016"
"2022/07/13","32112","1000","25240","15032","73384"
"2022/07/12","22677","0","31569","2285","56531"
"2022/07/11","34390","795","24532","2278","61995"
"2022/07/08","20203","3650","17598","2995","44446"
"2022/07/07","17868","1","18426","868","37163"
"2022/07/06","44706","4","24313","4644","73667"
"2022/07/05","52405","205","58757","5987","117354"
"2022/07/04","18313","0","62810","8078","89201"
"2022/07/01","20754","100","40085","3189","64128"
"2022/06/30","36383","2","44854","3905","85144"
"2022/06/29","26116","1","13945","2607","42669"
"2022/06/28","43270","10001","76090","6298","135659"
"2022/06/27","89257","0","51223","8335","148815"
"2022/06/24","57200","40014","65175","12718","175107"
"2022/06/23","116837","0","197250","20023","334110"
"2022/06/22","38959","10200","75071","7651","131881"
"2022/06/21","103418","6","47551","12976","163951"
"2022/06/20","85201","5","119593","19279","224078"
"2022/06/17","24507","0","107462","48395","180364"
"2022/06/16","21820",,"20927","24438","67185"
"2022/06/15","30414","0","24631","34555","89600"
"2022/06/14","36377","2","40203","25773","102355"
"2022/06/13","33761","4429","49716","14066","101972"
"2022/06/10","21874","4191","16764","8222","51051"
"2022/06/09","14919","4550","11505","9861","40835"
"2022/06/08","21428","1200","31732","10235","64595"
"2022/06/07","55242","14001","40343","31050","140636"
"2022/06/03","57391","2800","64591","12972","137754"
"2022/06/02","49750","2","82594","41327","173673"
"2022/05/31","100807","0","24520","40643","165970"
"2022/05/30","62221","0","48147","9011","119379"
"2022/05/27","44361","1300","55143","16596","117400"
"2022/05/26","115426","8500","98158","2101","224185"
"2022/05/25","144789","1001","72809","14271","232870"
"2022/05/24","63282","7500","75227","5311","151320"
"2022/05/23","53293","1","21649","4836","79779"
"2022/05/20","232758","32","90239","9778","332807"
"2022/05/19","53804","0","45469","60082","159355"
"2022/05/18","46645","2102","43336","35186","127269"
"2022/05/17","87068","0","76882","65384","229334"
"2022/05/16","70208","9322","26985","21845","128360"
"2022/05/13","65851","10","32193","163807","261861"
"2022/05/12","32366","6463","49269","51555","139653"
"2022/05/11","53570","9","37894","60385","151858"
"2022/05/10","34714","1030","130451","42992","209187"
"2022/05/09","44655","0","36756","55708","137119"
"2022/05/06","44180","1619","67236","34765","147800"
"2022/05/04","91381","2","28780","8277","128440"
"2022/05/03","117390","1000","102609","32018","253017"
"2022/05/02","132486","3","105694","6553","244736"
"2022/04/29","175066","2631","109594","3510","290801"
"2022/04/28","106726","36902","196004","44107","383739"
"2022/04/27","84731","3099","121597","10825","220252"
"2022/04/26","906997","14631","215960","21988","1159576"
"2022/04/25","40853","24672","68757","3934","138216"
"2022/04/22","45818","22458","35710","11045","115031"
"2022/04/21","41836","9417","66107","16667","134027"
"2022/04/20","99251","3380","67963","8380","178974"
"2022/04/19","65833","200","20641","12716","99390"
"2022/04/18","54949","9","56569","17126","128653"
"2022/04/15","153355","9101","88292","19598","270346"
"2022/04/14","70406","900","62030","11663","144999"
"2022/04/13","74938","19937","68139","16150","179164"
"2022/04/12","46150","6901","99763","7847","160661"
"2022/04/11","79460","4617","27564","7897","119538"
"2022/04/08","34153","7800","62013","12563","116529"
"2022/04/07","26599","502","86747","11647","125495"
"2022/04/06","80158","41136","199763","15847","336904"
"2022/04/05","93789","18468","244645","4999","361901"
"2022/04/04","312431","1384","75147","153048","542010"
"2022/04/01","221106","0","51239","1602","273947"
"2022/03/31","417200","0","13411","16755","447366"
"2022/03/30","416515","1000","59121","45706","522342"
"2022/03/29","70388","8","61552","4871","136819"
"2022/03/28","62103","2746","40171","3372","108392"
"2022/03/25","180774","8500","65481","2920","257675"
"2022/03/24","34049","0","73499","8695","116243"
"2022/03/23","113269","0","20508","12052","145829"
"2022/03/22","64413","0","51710","3582","119705"
"2022/03/21","19822","0","28232","9989","58043"
"2022/03/18","50741","0","9071","10873","70685"
"2022/03/17","22753","12468","10664","26111","71996"
"2022/03/16","18867","1268","10486","4448","35069"
"2022/03/15","35680","0","51950","8864","96494"
"2022/03/14","26312","1","40969","920","68202"
"2022/03/11","34233","0","26990","24316","85539"
"2022/03/10","44337","209","117721","20758","183025"
"2022/03/08","37422","0","68602","7940","113964"
"2022/03/07","17511","7387","44913","25746","95557"
"2022/03/04","16593","800","22219","9890","49502"
"2022/03/03","155950","0","18568","12872","187390"
"2022/03/02","99205","0","41542","6927","147674"
"2022/02/28","141837","400","26788","2227","171252"
"2022/02/25","19636","438","10669","13237","43980"
"2022/02/24","34234","1000","26786","27129","89149"
"2022/02/23","4000","6864","13207","7572","31643"
"2022/02/22","246201","0","45443","24734","316378"
"2022/02/21","13067","0","12529","2517","28113"
"2022/02/18","31716","0","45193","4727","81636"
"2022/02/17","39801","0","48390","44082","132273"
"2022/02/16","17928","59431","20272","26591","124222"
"2022/02/15","26349","0","18423","1381","46153"
"2022/02/14","5668","0","28026","2296","35990"
"2022/02/11","57512","19359","20076","17551","114498"
"2022/02/10","53172","1106","28690","857","83825"
"2022/02/09","42313","0","18701","1930","62944"
"2022/02/08","33248","4180","27814","5424","70666"
"2022/02/07","21847","6048","10680","3521","42096"
"2022/02/04","17154","0","44534","2068","63756"
"2022/02/03","35772","0","53150","6425","95347"
"2022/01/28","19189","1500","31704","24393","76786"
"2022/01/27","53910","4025","155415","18493","231843"
"2022/01/26","32907","0","8137","10137","51181"
"2022/01/25","40030","1001","46294","24036","111361"
"2022/01/24","7346","15540","33832","9714","66432"
"2022/01/21","15696","100","30530","544","46870"
"2022/01/20","15823","100","18220","1780","35923"
"2022/01/19","9871","0","35388","8968","54227"
"2022/01/18","6578","200","30956","4962","42696"
"2022/01/17","3104","297","34352","794","38547"
"2022/01/14","12458","3200","30465","1314","47437"
"2022/01/13","15497","0","22638","2841","40976"
"2022/01/12","2580","100","22294","5035","30009"
"2022/01/11","19056","600","26203","5283","51142"
"2022/01/10","42521","9617","34903","1514","88555"
"2022/01/07","13824","1500","13563","3791","32678"
"2022/01/06","27459","0","26474","4516","58449"
"2022/01/05","23987","1","21857","2418","48263"
"2022/01/04","35302","0","26859","44259","106420"
"2022/01/03","24902","1","27806","13882","66591"
"2021/12/30","18091",,"19152","27905","65148"
"2021/12/29","23965","7","24285","28192","76449"
"2021/12/28","115526","0","29320","8273","153119"
"2021/12/27","11835","3004","20223","274","35336"
"2021/12/24","50683","6057","8696","4711","70147"
"2021/12/23","39090","0","28305","1889","69284"
"2021/12/22","11215","0","29955","0","41170"
"2021/12/21","45483","0","26708","11918","84109"
"2021/12/20","43658","0","39800","16850","100308"
"2021/12/17","37422","0","40308","4716","82446"
"2021/12/16","3394","0","13314","3038","19746"
"2021/12/15","1763","1","15322","2363","19449"
"2021/12/14","11431",,"13965","5865","31261"
"2021/12/13","2804","30","19587","4508","26929"
"2021/12/10","3347","10000","38736","21864","73947"
"2021/12/09","45654","0","24730","3776","74160"
"2021/12/08","4560","2000","9994","19653","36207"
"2021/12/07","11279","0","17620","32106","61005"
"2021/12/06","5088","0","8622","31597","45307"
"2021/12/03","9923","0","12058","19352","41333"
"2021/12/02","18514","0","10401","15808","44723"
"2021/12/01","33421","0","48922","14711","97054"
"2021/11/30","29963","5","25094","38142","93204"
"2021/11/29","19307","2409","24650","16257","62623"
"2021/11/26","36078","3780","11297","4735","55890"
"2021/11/25","41871","0","9377","5460","56708"
"2021/11/24","25100","2758","29514","2093","59465"
"2021/11/23","47548",,"14300","2049","63897"
"2021/11/22","17301","0","18647","2930","38878"
"2021/11/19","8882",,"17215","1024","27121"
"2021/11/18","12156","2395","21941","3630","40122"
"2021/11/17","15568",,"13166","6951","35685"
"2021/11/16","26378","1","9463","501","36343"
"2021/11/15","26780","0","25783","982","53545"
"2021/11/12","16932","0","11831","3507","32270"
"2021/11/11","14897","206","37441","4362","56906"
"2021/11/10","25460","200","17680","12355","55695"
"2021/11/09","17226","0","25359","9658","52243"
"2021/11/08","6786","0","26933","2724","36443"
"2021/11/05","31742","0","66311","16031","114084"
"2021/11/04","27554","0","12401","15251","55206"
"2021/11/03","41003","0","23843","16751","81597"
"2021/11/02","49636","0","40968","26371","116975"
"2021/11/01","55734","0","37499","59074","152307"
"2021/10/29","6809","0","53088","13960","73857"
"2021/10/28","13410","0","29077","8159","50646"
"2021/10/27","33315","0","52703","2423","88441"
"2021/10/26","41280","391","17371","4342","63384"
"2021/10/25","19127","1510","29900","2711","53248"
"2021/10/22","1826","11200","25178","2620","40824"
"2021/10/21","9601","0","20396","5020","35017"
"2021/10/20","21293","0","39889","3622","64804"
"2021/10/19","19784","1400","52022","25847","99053"
"2021/10/18","14243","6631","21801","4466","47141"
"2021/10/15","25358","13394","16717","42708","98177"
"2021/10/14","7014","13700","68629","19483","108826"
"2021/10/13","1664","36542","36381","8392","82979"
"2021/10/12","20329","400","42522","40499","103750"
"2021/10/08","7057","5727","31579","13371","57734"
"2021/10/07","46212",,"42416","18771","107399"
"2021/10/06","250750","0","37395","63175","351320"
"2021/10/05","16267","1187","61093","34709","113256"
"2021/10/01","24294","270","67616","10430","102610"
"2021/09/30","15162","3750","24801","13267","56980"
"2021/09/29","46143","5063","84743","31762","167711"
"2021/09/28","66573","2900","53711","5326","128510"
"2021/09/27","54862","6478","96046","16184","173570"
"2021/09/24","22479","0","54087","19257","95823"
"2021/09/23","11139","2322","52789","24019","90269"
"2021/09/17","12771","1000","30883","20164","64818"
"2021/09/16","7902","8600","13917","6503","36922"
"2021/09/15","570","1745","29535","809","32659"
"2021/09/14","24056","1500","21670","4606","51832"
"2021/09/13","34147","0","26097","4396","64640"
"2021/09/10","7446","0","12465","503","20414"
"2021/09/09","39657","3000","14768","3163","60588"
"2021/09/08","16428","0","38045","5622","60095"
"2021/09/07","24209","470","41347","998","67024"
"2021/09/06","13805","195","30312","6925","51237"
"2021/09/03","33473","500","45456","65562","144991"
"2021/09/02","13648","0","44902","2273","60823"
"2021/09/01","83815","13000","19591","4929","121335"
"2021/08/31","44150","2000","76388","2159","124697"
"2021/08/30","11129","0","21909","7420","40458"
"2021/08/27","21706","1","24399","1621","47727"
"2021/08/26","14495","0","33547","3537","51579"
"2021/08/25","15339","2061","17585","2351","37336"
"2021/08/24","12722",,"21865","7356","41943"
"2021/08/23","11769","5794","19601","784","37948"
"2021/08/20","47489","2656","50077","12795","113017"
"2021/08/19","18788","9769","63260","4533","96350"
"2021/08/18","57139","3426","65593","1106","127264"
"2021/08/17","28009","1596","62909","9205","101719"
"2021/08/13","41138","0","54960","5347","101445"
"2021/08/12","47696","44","34393","2274","84407"
"2021/08/11","26023","2660","36311","4065","69059"
"2021/08/10","32597","11118","12973","5012","61700"
"2021/08/09","7906","490","23529","6541","38466"
"2021/08/06","27104","1290","49867","6067","84328"
"2021/08/05","12863",,"17899","3725","34487"
"2021/08/04","68981","0","55763","7634","132378"
"2021/08/03","10606","88","35818","13973","60485"
"2021/08/02","25355","0","23718","12763","61836"
"2021/07/30","27279","0","27279","12291","66849"
"2021/07/29","14092","253","68503","17851","100699"
"2021/07/28","12886","2747","14288","12610","42531"
"2021/07/27","29111","2000","14794","25864","71769"
"2021/07/26","16239","0","17370","24219","57828"
"2021/07/23","27670","0","16945","25105","69720"
"2021/07/22","11374","0","12159","26322","49855"
"2021/07/21","208142","0","12328","15011","235481"
"2021/07/20","78189","1000","45923","16849","141961"
"2021/07/19","103793","0","19068","13893","136754"
"2021/07/16","23049","40000","12108","18745","93902"
"2021/07/15","100960","70000","28553","5058","204571"
"2021/07/14","49208","20000","13456","12336","95000"
"2021/07/13","96913","0","19692","4591","121196"
"2021/07/12","46473","0","25179","1678","73330"
"2021/07/09","29227","64","100906","9635","139832"
"2021/07/08","63750","3046","67321","14951","149068"
"2021/07/07","64743","0","39090","19803","123636"
"2021/07/06","81918","0","29035","8926","119879"
"2021/07/05","65849","0","73516","14195","153560"
"2021/07/02","50174","0","16626","14220","81020"
"2021/07/01","54859","20000","15834","20501","111194"
"2021/06/30","31919","5000","32862","8515","78296"
"2021/06/29","21598","105","26013","13990","61706"
"2021/06/28","36300","0","22051","10809","69160"
"2021/06/25","46035","0","43867","7514","97416"
"2021/06/24","30053","9000","32321","6008","77382"
"2021/06/23","38395","10652","16336","22313","87696"
"2021/06/22","10388","0","18757","13408","42553"
"2021/06/21","66221","0","63919","21850","151990"
"2021/06/18","47133",,"38033","10640","95806"
"2021/06/17","40619","10782","15381","11404","78186"
"2021/06/16","70437","0","30228","20612","121277"
"2021/06/15","122485","0","43720","7363","173568"
"2021/06/14","130183","5100","47429","10570","193282"
"2021/06/11","129879","167","82881","16879","229806"
"2021/06/10","34638","0","26329","13872","74839"
"2021/06/09","110358","16","40658","16027","167059"
"2021/06/08","53438","0","45862","7603","106903"
"2021/06/07","53810","300","53477","23663","131250"
"2021/06/04","64625","0","48559","26773","139957"
"2021/06/03","70527","0","39900","31497","141924"
"2021/06/02","202113","1862","65948","15294","285217"
"2021/06/01","78363","2908","70144","18601","170016"
"2021/05/31","30023","100","61830","10713","102666"
"2021/05/28","35655","1600","69515","7298","114068"
"2021/05/27","48997","993","67159","2658","119807"
"2021/05/26","31083","0","19671","3858","54612"
"2021/05/25","53729","10","41928","1432","97099"
"2021/05/24","18009","1600","34277","3550","57436"
"2021/05/21","33198","0","55567","1807","90572"
"2021/05/20","30073","0","20673","7681","58427"
"2021/05/18","43278","100","27917","2245","73540"
"2021/05/17","36104","20","37828","12734","86686"
"2021/05/14","26072","5750","46932","5324","84078"
"2021/05/13","47959","4852","75780","9205","137796"
"2021/05/12","29465","763","53849","49393","133470"
"2021/05/11","86880","12104","45239","8103","152326"
"2021/05/10","87905","7896","86668","5772","188241"
"2021/05/07","34810",,"50501","3918","89229"
"2021/05/06","64685",,"43330","9495","117510"
"2021/05/04","175205","6110","67858","16346","265519"
"2021/05/03","46535","0","61939","11361","119835"
"2021/04/30","60558","7600","78738","4980","151876"
"2021/04/29","58372","1502","95564","7431","162869"
"2021/04/28","41115","11507","99229","18125","169976"
"2021/04/27","72185","6132","132813","13080","224210"
"2021/04/26","88072","11991","60339","14860","175262"
"2021/04/23","109342","2000","81862","10203","203407"
"2021/04/22","90735","200","110134","27297","228366"
"2021/04/21","41483","3900","50702","9741","105826"
"2021/04/20","52874","2000","65925","7075","127874"
"2021/04/19","43836","0","43269","6240","93345"
"2021/04/16","26519","563","34526","1203","62811"
"2021/04/15","9073",,"36512","10580","56165"
"2021/04/14","17390",,"42456","8871","68717"
"2021/04/13","31328","5633","74115","7204","118280"
"2021/04/12","28003","146","40239","955","69343"
"2021/04/09","66628","5492","45474","1480","119074"
"2021/04/08","17595","5000","86711","2707","112013"
"2021/04/07","51292","5000","20064","789","77145"
"2021/04/06","33805","5000","103176","3968","145949"
"2021/04/05","43384","0","36919","25514","105817"
"2021/04/02","44339","2224","70250","18888","135701"
"2021/04/01","21167","8837","72404","4314","106722"
"2021/03/31","27901","0","72308","11926","112135"
"2021/03/30","27241","8800","125010","32398","193449"
"2021/03/29","34218","17262","219487","50151","321118"
"2021/03/26","26891","79820","239677","21334","367722"
"2021/03/25","72706","5985","124330","3570","206591"
"2021/03/24","25604","6615","64178","9726","106123"
"2021/03/23","32906","12000","45664","3639","94209"
"2021/03/22","18639","15853","54891","2289","91672"
"2021/03/19","77806","7186","27321","7941","120254"
"2021/03/18","27233","24500","33253","75","85061"
"2021/03/17","18656","16107","41037","2185","77985"
"2021/03/16","64148","18735","23244","8615","114742"
"2021/03/15","18412","0","41850","3011","63273"
"2021/03/12","17312","0","29697","6421","53430"
"2021/03/11","1033836","0","39017","7643","1080496"
"2021/03/10","19362","300","24550","5629","49841"
"2021/03/09","3754","0","39472","11855","55081"
"2021/03/08","36768","0","61970","1193","99931"
"2021/03/05","40327","0","48839","6524","95690"
"2021/03/04","19228","0","27359","4112","50699"
"2021/03/03","12512","2000","17188","7074","38774"
"2021/03/02","14260","0","50205","15942","80407"
"2021/02/26","16924","0","68832","7016","92772"
"2021/02/25","30642","1725","39834","10099","82300"
"2021/02/24","49122","500","48263","9921","107806"
"2021/02/23","47664","2374","50475","2348","102861"
"2021/02/22","40546","500","20145","542","61733"
"2021/02/19","55278","300","25878","8301","89757"
"2021/02/18","59108","2474","21163","2293","85038"
"2021/02/17","83778","1000","38066","8871","131715"
"2021/02/16","6143","0","48378","1779","56300"
"2021/02/15","48931","19620","91410","19817","179778"
"2021/02/10","3364","24357","41990","6683","76394"
"2021/02/09","7771","40279","33494","8581","90125"
"2021/02/08","14884","14313","53107","3535","85839"
"2021/02/05","12846","2135","35426","164","50571"
"2021/02/04","29817","0","15053","1707","46577"
"2021/02/03","20729","1","47008","7173","74911"
"2021/02/02","26633","15748","50895","5932","99208"
"2021/02/01","19773","0","41756","7300","68829"
"2021/01/29","23989","9804","78970","1663","114426"
"2021/01/28","10135","2200","46572","7682","66589"
"2021/01/27","15919","0","68509","517","84945"
"2021/01/26","4499","0","38622","1307","44428"
"2021/01/25","37499","10000","59302","25778","132579"
"2021/01/22","21112","0","59113","3935","84160"
"2021/01/21","29494","0","31562","2714","63770"
"2021/01/20","19418","0","48523","5698","73639"
"2021/01/19","72143","0","32595","3489","108227"
"2021/01/18","89609","0","54841","5476","149926"
"2021/01/15","31326","0","48444","4797","84567"
"2021/01/14","39887","745","35609","9037","85278"
"2021/01/13","23329","0","71355","4602","99286"
"2021/01/12","45225","50","52344","1914","99533"
"2021/01/11","37835","0","175810","5534","219179"
"2021/01/08","19873","0","55626","7705","83204"
"2021/01/07","7340","2574","67023","4776","81713"
"2021/01/06","35173","13100","71308","5015","124596"
"2021/01/05","38041","0","92805","10018","140864"
"2021/01/04","7770","9118","100281","2784","119953"
"2020/12/30","13696","8071","43360","8028","73155"
"2020/12/29","15209","22685","52765","4823","95482"
"2020/12/28","15765","12561","46850","8249","83425"
"2020/12/24","26229","23600","34223","1861","85913"
"2020/12/23","23786","280","27824","9840","61730"
"2020/12/22","8446","0","15795","8449","32690"
"2020/12/21","33256","0","28098","7543","68897"
"2020/12/18","6875","113","42486","3721","53195"
"2020/12/17","14765","1000","100154","8768","124687"
"2020/12/16","12028","0","29611","3135","44774"
"2020/12/15","57514","0","88503","3066","149083"
"2020/12/14","64733","0","59891","11672","136296"
"2020/12/11","123602","347","53459","5337","182745"
"2020/12/10","38566","124","57715","1749","98154"
"2020/12/09","34256","24358","37004","3965","99583"
"2020/12/08","10831",,"45984","419","57234"
"2020/12/07","56978","150","79246","3700","140074"
"2020/12/04","22055","400","32629","718","55802"
"2020/12/03","22385","90","29079","7378","58932"
"2020/12/02","5810","1501","30292","4999","42602"
"2020/12/01","15950","0","32110","7319","55379"
"2020/11/30","38232","0","61270","4890","104392"
"2020/11/27","27304","3793","22773","1573","55443"
"2020/11/26","11037",,"30566","3713","45316"
"2020/11/25","8816",,"26451","4519","39786"
"2020/11/24","43699","900","49332","7723","101654"
"2020/11/23","13926","0","53070","1782","68778"
"2020/11/20","11915",,"87025","19766","118706"
"2020/11/19","824","0","61321","10893","73038"
"2020/11/18","4309",,"53663","3616","61588"
"2020/11/17","13196","1000","28977","1170","44343"
"2020/11/16","17895",,"42317","375","60587"
"2020/11/13","14158","1100","34570","1241","51069"
"2020/11/12","6854","0","15551","1052","23457"
"2020/11/11","14620","2404","36918","13575","67517"
"2020/11/10","28801","0","45127","5148","79076"
"2020/11/09","20312",,"36436","5753","62501"
"2020/11/06","10455","0","26645","7809","44909"
"2020/11/05","23896",,"51438","7270","82604"
"2020/11/04","9553",,"35274","7493","52320"
"2020/11/03","26544","0","35878","1341","63763"
"2020/11/02","66070",,"29516","9355","104941"
"2020/10/30","25685","2758","113081","10753","152277"
"2020/10/29","35757","0","39017","7637","82411"
"2020/10/28","22551","5","22511","12919","57986"
"2020/10/27","19995",,"86469","24823","131287"
"2020/10/26","45258","380","40572","20979","107189"
"2020/10/23","79387","3000","63356","10425","156168"
"2020/10/22","66740","400","55511","15257","137908"
"2020/10/21","44867","5799","54267","7830","112763"
"2020/10/20","21153","325","68360","13511","103349"
"2020/10/19","4506","0","103539","1474","109519"
"2020/10/16","69703","0","31765","7162","108630"
"2020/10/15","44469","0","58243","5125","107837"
"2020/10/14","34336","0","35037","9186","78559"
"2020/10/13","21408","0","51519","10253","83180"
"2020/10/12","2789","5000","23037","14115","44941"
"2020/10/08","24963","5000","49767","3067","82797"
"2020/10/07","54077","0","43528","16307","113912"
"2020/10/06","8530","0","29498","12075","50103"
"2020/10/05","6922","0","65567","8882","81371"
"2020/09/29","2515","900","102970","751","107136"
"2020/09/28","3232","0","112296","13732","129260"
"2020/09/25","19562",,"112775","20195","152532"
"2020/09/24","30224","4100","63935","15384","113643"
"2020/09/23","42032","1000","34618","6567","84217"
"2020/09/22","27482","1000","27530","10330","66342"
"2020/09/21","18022","0","32408","17364","67794"
"2020/09/18","16214","200","42657","11678","70749"
"2020/09/17","12945","0","23407","5904","42256"
"2020/09/16","26733","5199","33458","4081","69471"
"2020/09/15","49218","0","46934","5639","101791"
"2020/09/14","48999","0","55331","3317","107647"
"2020/09/11","28623","0","32473","9592","70688"
"2020/09/10","52953","0","33174","2960","89087"
"2020/09/09","10516","0","80133","15986","106635"
"2020/09/08","74371","113","87456","4188","166128"
"2020/09/07","20965","0","53929","3275","78169"
"2020/09/04","12477","0","76451","4692","93620"
"2020/09/03","6574","1000","56277","205","64056"
"2020/09/02","1956","0","40997","1","42954"
"2020/09/01","24918","0","31619","1034","57571"
"2020/08/31","26313","0","63480","10209","100002"
"2020/08/28","2697","0","45540","6180","54417"
"2020/08/27","5355","0","56450","8420","70225"
"2020/08/26","20640","0","28491","1917","51048"
"2020/08/25","33774","0","65026","4053","102853"
"2020/08/24","9508","0","55631","7261","72400"
"2020/08/21","13819","2000","60218","3867","79904"
"2020/08/20","15163","900","73776","9524","99363"
"2020/08/19","23323","0","66236","3183","92742"
"2020/08/18","81648","0","77705","44027","203380"
"2020/08/14","28855","2661","52136","10766","94418"
"2020/08/13","40340","500","44648","35485","120973"
"2020/08/12","38479","1760","145673","5207","191119"
"2020/08/11","28594","0","127292","6491","162377"
"2020/08/10","28530","0","73251","6658","108439"
"2020/08/07","22587","0","114310","10393","147290"
"2020/08/06","9955","0","56214","4513","70682"
"2020/08/05","38893","0","82435","3083","124411"
"2020/08/04","51571","0","57483","2693","111747"
"2020/08/03","30391","0","52748","636","83775"
"2020/07/31","38869","0","30536","559","69964"
"2020/07/30","3091","74","53721","3535","60421"
"2020/07/29","36890","729","32694","3617","73930"
"2020/07/28","20548","13300","41752","7748","83348"
"2020/07/27","80062","0","70183","17756","168001"
"2020/07/24","13921","0","86958","7016","107895"
"2020/07/23","10119","0","57672","9445","77236"
"2020/07/22","4886","0","65679","7800","78365"
"2020/07/21","6952",,"86797","13714","107463"
"2020/07/20","16997","0","135420","15081","167498"
"2020/07/17","7663","4103","58208","14235","84209"
"2020/07/16","15938","0","63020","9623","88581"
"2020/07/15","12632","0","41637","18484","72753"
"2020/07/14","1018","0","27616","15278","43912"
"2020/07/13","23785","0","66281","39634","129700"
"2020/07/10","11356","0","36311","33394","81061"
"2020/07/09","14681","0","46497","21692","82870"
"2020/07/08","95390","20500","32427","47172","195489"
"2020/07/07","30411","0","28299","44364","103074"
"2020/07/06","7719","0","88350","54667","150736"
"2020/07/03","13326","0","28341","47350","89017"
"2020/07/02","1601","971","33824","31447","67843"
"2020/07/01","8378","0","23222","32003","63603"
"2020/06/30","10016","0","30682","69069","109767"
"2020/06/29","802","0","48669","51237","100708"
"2020/06/26","21456","200","40800","22867","85323"
"2020/06/25","18477","0","50884","34645","104006"
"2020/06/24","20739","0","33071","10424","64234"
"2020/06/23","37048","0","38829","16463","92340"
"2020/06/22","34938","0","26208","22470","83616"
"2020/06/19","19762","0","36618","21768","78148"
"2020/06/18","15731","72","62022","7410","85235"
"2020/06/17","28609","921","45776","24673","99979"
"2020/06/16","42080","7","34882","20493","97462"
"2020/06/15","62436","7","77114","25867","165424"
"2020/06/12","90820","795","74033","21219","186867"
"2020/06/11","52202","119","97958","43025","193304"
"2020/06/10","72751","6","65556","39076","177389"
"2020/06/09","106207","23493","63368","30928","223996"
"2020/06/08","62025","52925","40460","8932","164342"
"2020/06/05","178887","65803","100857","18166","363713"
"2020/06/04","65847","70959","53525","3750","194081"
"2020/06/03","103635","20001","62816","6494","192946"
"2020/06/02","90025","3200","38207","1765","133197"
"2020/06/01","41960","0","56782","4518","103260"
"2020/05/29","32789","150","40290","5718","78947"
"2020/05/28","65211","0","74520","42925","182656"
"2020/05/27","59432","261","42733","47435","149861"
"2020/05/26","93433","23","106461","42724","242641"
"2020/05/25","24136","379","89234","38356","152105"
"2020/05/22","109751","1265","159306","59883","330205"
"2020/05/21","101166","1000","242022","64494","408682"
"2020/05/20","57086","500","88926","27719","174231"
"2020/05/19","49386","1934","182250","30563","264133"
"2020/05/18","50410","1861","74522","14297","141090"
"2020/05/15","45324","226","29060","27794","102404"
"2020/05/14","138285","2200","20287","96113","256885"
"2020/05/13","63909","200","36907","46786","147802"
"2020/05/12","72746","2207","25367","39214","139534"
"2020/05/11","51988","156","45640","12341","110125"
"2020/05/08","100041","350","33417","93032","226840"
"2020/05/07","59106","300","62962","64236","186604"
"2020/05/06","16305","350","14103","50479","81237"
"2020/05/04","22352","300","8814","53317","84783"
"2020/04/29","23262","254","64832","14751","103099"
"2020/04/28","41841","0","24788","20599","87228"
"2020/04/27","42177","0","13249","13759","69185"
"2020/04/24","33000","2090","14796","16507","66393"
"2020/04/23","49256","2000","50829","12327","114412"
"2020/04/22","141092","0","32284","25103","198479"
"2020/04/21","64079","1000","35292","22006","122377"
"2020/04/20","53485","0","23354","7660","84499"
"2020/04/17","58226","0","58868","12895","129989"
"2020/04/16","62","5843","33728","2815","42448"
"2020/04/14","51308","0","34453","8537","94298"
"2020/04/13","64337","340","16502","13347","94526"
"2020/04/10","32283","281","49423","12082","94069"
"2020/04/09","36153","0","23061","7185","66399"
"2020/04/08","64220","0","90853","10364","165437"
"2020/04/07","55969","200","39245","12529","107943"
"2020/04/06","1325","1300","90609","7733","100967"
"2020/04/03","5609","1968","78246","6258","92081"
"2020/04/02","5424","1483","45857","8273","61037"
"2020/04/01","64331","3318","96518","47470","211637"
"2020/03/31","11071","496","59424","40621","111612"
"2020/03/30","42789","1607","82099","49462","175957"
"2020/03/27","160046","72","197152","23056","380326"
"2020/03/26","99423","20064","109385","36996","265868"
"2020/03/25","84990","10000","176011","33456","304457"
"2020/03/24","68771","526","130031","11873","211201"
"2020/03/23","52902","0","142632","15106","210640"
"2020/03/20","162850","0","112959","36255","312064"
"2020/03/19","71507","22251","241072","41132","375962"
"2020/03/18","73576","4000","104337","17037","198950"
"2020/03/17","28873","46470","113320","32676","221339"
"2020/03/16","90074","15180","87256","29442","221952"
"2020/03/13","158115","50041","252082","41781","502019"
"2020/03/12","65518","462","134456","38938","239374"
"2020/03/11","71394","0","60481","23342","155217"
"2020/03/10","6909","0","73922","33214","114045"
"2020/03/09","26926","1385","109645","48461","186417"
"2020/03/06","26773","0","73390","11981","112144"
"2020/03/05","211775","800","87648","7893","308116"
"2020/03/04","116022","119801","63327","25087","324237"
"2020/03/03","14689","9941","25998","10271","60899"
"2020/03/02","34657","1500","111827","23247","171231"
"2020/02/28","65488","2910","129677","39575","237650"
"2020/02/27","8104","0","22577","10457","41138"
"2020/02/26","35292","0","43122","27807","106221"
"2020/02/25","14527","0","80489","23015","118031"
"2020/02/24","18754","0","94638","36537","149929"
"2020/02/21","4442","10006","41203","4301","59952"
"2020/02/20","11007","10054","43786","5127","69974"
"2020/02/19","82612","10263","42443","6257","141575"
"2020/02/18","46348","10025","25081","5262","86716"
"2020/02/17","43590","20000","50871","10327","124788"
"2020/02/14","93250","30000","29401","14696","167347"
"2020/02/13","46503","0","25710","6141","78354"
"2020/02/12","81712","0","30169","12766","124647"
"2020/02/11","73481","123","44150","7397","125151"
"2020/02/10","3362","0","33947","7581","44890"
"2020/02/07","896","0","17295","4425","22616"
"2020/02/06","2293","0","38383","10365","51041"
"2020/02/05","71911","0","38163","9615","119689"
"2020/02/04","11109","0","43549","12580","67238"
"2020/02/03","22080","3000","108542","18072","151694"
"2020/01/31","26054","0","53821","11175","91050"
"2020/01/30","7494","2437","51556","10604","72091"
"2020/01/29","1212","0","47228","21085","69525"
"2020/01/28","3461","415","78202","20183","102261"
"2020/01/23","565","11385","29952","22745","64647"
"2020/01/22","7002","0","30344","12603","49949"
"2020/01/21","13830","1718","131321","16469","163338"
"2020/01/20","4226","10000","26137","25390","65753"
"2020/01/17","14735","469","29756","18086","63046"
"2020/01/16","22840","812","95847","17703","137202"
"2020/01/15","14084","7953","76020","8025","106082"
"2020/01/14","15471","178","179609","24386","219644"
"2020/01/13","61908","12902","85373","33353","193536"
"2020/01/10","755","0","38488","18271","57514"
"2020/01/09","10411","3500","38069","17747","69727"
"2020/01/08","1834","1004","45211","38361","86410"
"2020/01/07","7222","0","18148","50414","75784"
"2020/01/06","9698","0","52008","24845","86551"
"2020/01/03","16671","2288","86583","87485","193027"
"2020/01/02","41199","250","108806","41178","191433"
"2019/12/30","36521",,"33587","28163","98271"
"2019/12/27","40700","0","60050","30283","131033"
"2019/12/26","13747","6788","83339","35496","139370"
"2019/12/24","6830","843","48345","28347","84365"
"2019/12/23","24","0","59488","18843","78355"
"2019/12/20","11300","660","70800","28968","111728"
"2019/12/19","9790","1375","104541","38219","153925"
"2019/12/18","7703","1800","58454","34795","102752"
"2019/12/17","2156","0","83234","81040","166430"
"2019/12/16","230735","500","147458","36611","415304"
"2019/12/13","298400","0","113487","36189","448076"
"2019/12/12","292146","286","82192","14348","388972"
"2019/12/11","224805","1192","153062","13654","392713"
"2019/12/10","242482","0","82414","14181","339077"
"2019/12/09","102617","39409","120455","16713","279194"
"2019/12/06","49956","809","45557","18729","115051"
"2019/12/05","26935","5200","60176","22252","114563"
"2019/12/04","42228","400","71044","14599","128271"
"2019/12/03","85402","3000","134962","32855","256219"
"2019/12/02","21508","6200","24156","29978","81842"
"2019/11/29","2009","9779","85987","25912","123687"
"2019/11/28","4566","6336","65827","10773","87502"
"2019/11/27","7227","6100","21423","32237","66987"
"2019/11/26","46002","10708","34785","42276","133771"
"2019/11/25","239","6233","68689","32494","107655"
"2019/11/22","17160","300","32982","45450","95892"
"2019/11/21","14104","0","95078","75002","184184"
"2019/11/20","34864","0","91712","58391","184967"
"2019/11/19","50021","0","145194","75344","270559"
"2019/11/18","263555","17556","451773","10471","743355"
"2019/11/15","133839","0","166156","22320","322315"
"2019/11/14","252486","0","207166","45025","504677"
"2019/11/13","116550","0","146977","33469","296996"
"2019/11/12","2716","441","63839","39545","106541"
"2019/11/11","105168","0","148959","30745","284872"
"2019/11/08","108337","2944","256744","157236","525261"
"2019/11/07","3101","9700","277455","10035","300291"
"2019/11/06","41056","750","273543","14062","329411"
"2019/11/05","109900","13983","132878","24551","281312"
"2019/11/04","14282","2300","182656","14419","213657"
"2019/11/01","521240","200","64856","20787","607083"
"2019/10/31","15760","1288","170936","2565","190549"
"2019/10/30","49659","4376","219852","8006","281893"
"2019/10/29","58499","305","60368","31736","150908"
"2019/10/28","65598","1000","92702","11757","171057"
"2019/10/25","15229","544","96594","27569","139936"
"2019/10/24","32102","0","37100","44804","114006"
"2019/10/23","1906","132","100798","44313","147149"
"2019/10/22","843","2891","117933","58847","180514"
"2019/10/21","74493","4600","152681","22499","254273"
"2019/10/18","75012","1650","152884","2906","232452"
"2019/10/17","79730","58","120396","935","201119"
"2019/10/16","42796","450","107208","21115","171569"
"2019/10/15","45449","4900","169139","2120","221608"
"2019/10/14","1860","5000","62732","13687","83279"
"2019/10/11","0","5000","64846","15101","84947"
"2019/10/10","13672","0","63035","7033","83740"
"2019/10/08","3521","0","80003","9927","93451"
"2019/10/07","245","0","85240","26208","111693"
"2019/10/04","5139","0","91078","18167","114384"
"2019/10/02","13006","27962","66219","3452","110639"
"2019/10/01","32015","0","32218","10504","74737"
"2019/09/30","11541","10000","85402","9989","116932"
"2019/09/27","60216","0","36457","14375","111048"
"2019/09/26","11127","5403","72560","9364","98454"
"2019/09/25","30668","17877","63226","10729","122500"
"2019/09/24","30997","29187","39422","4891","104497"
"2019/09/23","14656","17124","61673","9728","103181"
"2019/09/20","35019","10147","82221","15291","142678"
"2019/09/19","25192","6591","85419","11550","128752"
"2019/09/18","22169","6500","29191","5091","62951"
"2019/09/17","12818","6500","53265","13663","86246"
"2019/09/16","29317","0","76854","14652","120823"
"2019/09/11","18939","0","123859","10227","153025"
"2019/09/10","37442","892","173826","2502","214662"
"2019/09/09","30135","13260","115289","8112","166796"
"2019/09/06","13369","0","53743","5442","72554"
"2019/09/05","90925","0","128723","20356","240004"
"2019/09/04","56182","3050","148161","13160","220553"
"2019/09/03","32390","2051","185767","4835","225043"
"2019/09/02","34700","1500","171760","11830","219790"
"2019/08/30","26983","700","75777","9797","113257"
"2019/08/29","20","19","17711","7565","25315"
"2019/08/28","24816","500","61597","5724","92637"
"2019/08/27","12521","61","35542","11078","59202"
"2019/08/26","18458","0","50553","8519","77530"
"2019/08/23","8152","1600","47072","10704","67528"
"2019/08/22","18470","9600","99247","10023","137340"
"2019/08/21","13064","7158","41415","7900","69537"
"2019/08/20","14938","0","44884","1144","60966"
"2019/08/19","5595","0","61959","9691","77245"
"2019/08/16","10814","0","47288","6714","64816"
"2019/08/14","8249","0","50612","9848","68709"
"2019/08/13","15776","242","31097","7639","54754"
"2019/08/12","15350","0","31686","5719","52755"
"2019/08/09","858","0","57404","14744","73006"
"2019/08/08","32701","0","20936","15245","68882"
"2019/08/07","63928","5843","83821","12472","166064"
"2019/08/06","96439","17","98079","36897","231432"
"2019/08/05","27430","1156","71524","23067","123177"
"2019/08/02","7441","2056","53258","4172","66927"
"2019/08/01","19874","3404","45979","30855","100112"
"2019/07/31","31400","3194","68838","20259","123691"
"2019/07/30","9054","17438","48654","2660","77806"
"2019/07/29","24154","0","56938","21078","102170"
"2019/07/26","39533","0","15720","6820","62073"
"2019/07/25","25245","0","50165","11179","86589"
"2019/07/24","11119","303","64505","3103","79030"
"2019/07/23","17574","0","32638","7382","57594"
"2019/07/22","1010","0","96242","2163","99415"
"2019/07/19","2398","900","97068","982","101348"
"2019/07/18","3268","0","71890","2193","77351"
"2019/07/17","10685","653","84244","9596","105178"
"2019/07/16","35530","5727","72496","12140","125893"
"2019/07/15","37605","2202","168136","13813","221756"
"2019/07/12","3985","1500","74911","13594","93990"
"2019/07/11","3612","1000","63093","26767","94472"
"2019/07/10","24857","4500","101232","21823","152412"
"2019/07/09","1530","1000","112546","10257","125333"
"2019/07/08","27364","4625","63185","2141","97315"
"2019/07/05","9179","1000","28149","8208","46536"
"2019/07/04","11739","1200","61321","10209","84469"
"2019/07/03","48456","1998","127220","2199","179873"
"2019/07/02","60209","11645","150585","6095","228534"
"2019/07/01","810","43","78956","4661","84470"
"2019/06/28","2986","0","57881","4089","64956"
"2019/06/27","45","4","37563","8219","45831"
"2019/06/26","38795","0","59463","5776","104034"
"2019/06/25","5761","38","80728","12801","99328"
"2019/06/24","10996","2000","53513","9132","75641"
"2019/06/21","11510","4","53489","13082","78085"
"2019/06/20","5239","1533","116751","6188","129711"
"2019/06/19","9994","5500","39683","4048","59225"
"2019/06/18","11673","1000","107079","19015","138767"
"2019/06/17","249","8644","52154","844","61891"
"2019/06/14","10852","16664","13712","10771","51999"
"2019/06/13","12196","9208","25822","5175","52401"
"2019/06/12","15231","10726","29927","4431","60315"
"2019/06/11","789","27161","81369","3050","112369"
"2019/06/10","70","12113","45199","862","58244"
"2019/06/07","1805","4763","25814","5269","37651"
"2019/06/05","9896","10124","41671","5116","66807"
"2019/06/04","3173","5113","36279","7262","51827"
"2019/06/03","102016","11000","33896","5058","151970"
"2019/05/31","16893","18964","76203","5496","117556"
"2019/05/30","70","21036","52078","4859","78043"
"2019/05/29","77","23306","44870","1090","69343"
"2019/05/28","50870","40086","67797","13167","171920"
"2019/05/27","12777","33158","54452","5360","105747"
"2019/05/24","2365","15760","112739","2790","133654"
"2019/05/23","5125","47782","24729","7870","85506"
"2019/05/22","89","5237","60513","13921","79760"
"2019/05/21","2593","32100","82005","6652","123350"
"2019/05/20","9640","5250","96623","11582","123095"
"2019/05/17","9845","11250","99415","341","120851"
"2019/05/16","10","12327","42410","2491","57238"
"2019/05/15","3027","10173","24942","4486","42628"
"2019/05/14","5023","0","51883","13519","70425"
"2019/05/13","5","24","43869","7960","51858"
"2019/05/10","180","6676","41737","12339","60932"
"2019/05/09","245","7828","155670","12283","176026"
"2019/05/08","8806","18000","139380","12734","178920"
"2019/05/07","1710","17877","41463","3898","64948"
"2019/05/03","2","23196","17055","4432","44685"
"2019/05/02","5157","40382","25443","5714","76696"
"2019/04/30","1364","27369","12714","2600","44047"
"2019/04/29","48399","25629","28636","1159","103823"
"2019/04/26","8377","20156","15837","2490","46860"
"2019/04/25","31208","22960","78796","11903","144867"
"2019/04/24","66159","34396","29453","3904","133912"
"2019/04/23","1378","2497","73949","2219","80043"
"2019/04/22","5836","15981","82472","10364","114653"
"2019/04/19","16","14269","21475","7294","43054"
"2019/04/18","2019","4819","71475","4014","82327"
"2019/04/17","4132","500","62153","2616","69401"
"2019/04/16","85294","0","57388","7391","150073"
"2019/04/15","87140","0","26162","10206","123508"
"2019/04/12","86093","10279","52737","35471","184580"
"2019/04/11","31726","122467","226082","32244","412519"
"2019/04/10","173","5926","158657","6","164762"
"2019/04/09","304","0","58913","4193","63410"
"2019/04/08","2087","0","78670","2576","83333"
"2019/04/05","2471","0","21296","4590","28357"
"2019/04/04","40536","0","89836","16467","146839"
"2019/04/03","12604","0","33509","2335","48448"
"2019/04/02","18841","0","43676","87","62604"
"2019/04/01","16670","48980","98225","10776","174651"
"2019/03/29","20312","35509","32198","6435","94454"
"2019/03/28","20547","2881","56959","3461","83848"
"2019/03/27","0","38830","94812","7575","141217"
"2019/03/26","5679","47837","90310","1264","145090"
"2019/03/25","93786","0","43916","10785","148487"
"2019/03/22","103166","0","42774","11565","157505"
"2019/03/21","66029","0","51698","3302","121029"
"2019/03/20","105547","0","57228","4705","167480"
"2019/03/19","19147","1500","47415","15793","83855"
"2019/03/18","41259","5010","45405","3849","95523"
"2019/03/15","606","0","49044","1917","51567"
"2019/03/14","25495","0","19972","1901","47368"
"2019/03/13","36384","0","36344","4054","76782"
"2019/03/12","55988","2421","34615","13059","106083"
"2019/03/11","11192","34487","73002","4936","123617"
"2019/03/08","13148","750","34272","11469","59639"
"2019/03/07","21182","0","14403","3058","38643"
"2019/03/06","46000","587","18774","1990","67351"
"2019/03/05","30000","913","15757","4261","50931"
"2019/03/04","33735","19670","31355","4990","89750"
"2019/02/28","7011","2000","11892","2887","23790"
"2019/02/27","37107","500","23568","4524","65699"
"2019/02/26","12342","3795","29523","3003","48663"
"2019/02/25","7117","0","56906","2240","66263"
"2019/02/22","22857","1334","44962","1379","70532"
"2019/02/21","7307","0","38961","0","46268"
"2019/02/20","31652","0","24202","4536","60390"
"2019/02/19","79295","0","20846","4446","104587"
"2019/02/18","13261","0","26987","5384","45632"
"2019/02/15","7751","2069","67205","0","77025"
"2019/02/14","8741","0","17679","3103","29523"
"2019/02/13","8671","5500","37865","1086","53122"
"2019/02/12","11430","10148","36029","7705","65312"
"2019/02/11","5800","1500","45274","330","52904"
"2019/02/08","4978","0","18152","2","23132"
"2019/02/07","5125","7000","14270","3092","29487"
"2019/02/01","6692","7095","19138","4858","37783"
"2019/01/31","9878","58935","47818","101","116732"
"2019/01/30","27832","100","16742","20362","65036"
"2019/01/29","8631","51394","358561","3664","422250"
"2019/01/28","11074","52975","16216","511","80776"
"2019/01/25","17149",,"32343","6276","55768"
"2019/01/24","11375",,"20759","2529","34663"
"2019/01/23","7863","0","71265","8919","88047"
"2019/01/22","5365",,"55982","2915","64262"
"2019/01/21","5243",,"40380","4713","50336"
"2019/01/18","5108",,"22883","4082","32073"
"2019/01/17","9538","0","28941","8250","46729"
"2019/01/16","78354","0","15596","3743","97693"
"2019/01/15","58624","0","42103","4856","105583"
"2019/01/14","31990","10000","9562","1839","53391"
"2019/01/11","45480","27159","15415","7855","95909"
"2019/01/10","52233","5000","17664","6445","81342"
"2019/01/09","34280","0","25727","1982","61989"
"2019/01/08","101934","2000","17003","1420","122357"
"2019/01/07","61079","0","67828","1639","130546"
"2019/01/04","44340","0","13490","11","57841"
"2019/01/03","2367","0","50000","3588","55955"
"2019/01/02","5775","0","20436","442","26653"