일자,기관 합계,기타법인,개인,외국인 합계,전체
"2023/05/04","4812","4602","17506","861","27781"
"2023/05/03","4890","3000","6641","322","14853"
"2023/05/02","1677","310","5472","294","7753"
"2023/04/28","14260","535","5147","1416","21358"
"2023/04/27","2908","0","8667","1314","12889"
"2023/04/26","8944","271","9282","4729","23226"
"2023/04/25","1885","0","1734","3254","6873"
"2023/04/24","5087","19553","13539","16103","54282"
"2023/04/21","3692","0","14904","3426","22022"
"2023/04/20","4564","7799","9461","6846","28670"
"2023/04/19","4071","2363","14709","4269","25412"
"2023/04/18","3494","14482","39211","9568","66755"
"2023/04/17","1363","1","20628","1286","23278"
"2023/04/14","7479","0","26208","12","33699"
"2023/04/13","4177","0","4144","1854","10175"
"2023/04/12","2410","1","22894","1600","26905"
"2023/04/11","8040","0","10231","5691","23962"
"2023/04/10","14269","1","12142","3063","29475"
"2023/04/07","3116","0","13273","3375","19764"
"2023/04/06","4843","0","11371","5656","21870"
"2023/04/05","4062","1","59403","4628","68094"
"2023/04/04","1291","2","8047","1228","10568"
"2023/04/03","3545","103","20148","4720","28516"
"2023/03/31","941","1","10695","10750","22387"
"2023/03/30","5373","0","5761","2502","13636"
"2023/03/29","212","1","18058","3108","21379"
"2023/03/28","1218","0","17070","8496","26784"
"2023/03/27","13217","1525","22788","20979","58509"
"2023/03/24","11546","0","4977","2305","18828"
"2023/03/23","10200","0","22971","1155","34326"
"2023/03/22","8858","0","5875","827","15560"
"2023/03/21","4977","1","3504","4947","13429"
"2023/03/20","53279","2","22254","976","76511"
"2023/03/17","2122","3","12168","15289","29582"
"2023/03/16","6434","1","11466","1280","19181"
"2023/03/15","2139","1","4857","2351","9348"
"2023/03/14","21092","0","9260","5172","35524"
"2023/03/13","10551","0","4610","3177","18338"
"2023/03/10","3363","0","2968","1840","8171"
"2023/03/09","2494","0","3223","633","6350"
"2023/03/08","3561","0","8626","2549","14736"
"2023/03/07","18740","8039","2001","27","28807"
"2023/03/06","4330","11565","14231","7652","37778"
"2023/03/03","16674","2","4536","1097","22309"
"2023/03/02","38671","1","16622","2194","57488"
"2023/02/28","1799","0","3143","1284","6226"
"2023/02/27","7361","0","17049","3346","27756"
"2023/02/24","4966","8995","49623","5043","68627"
"2023/02/23","5136","0","26362","6473","37971"
"2023/02/22","2559","3000","11856","334","17749"
"2023/02/21","5754","562","14869","3688","24873"
"2023/02/20","11510","3002","3864","205","18581"
"2023/02/17","25516","4500","9377","62","39455"
"2023/02/16","5533","0","7814","119","13466"
"2023/02/15","6364","0","24464","704","31532"
"2023/02/14","11454","194","16753","471","28872"
"2023/02/13","5122","2200","23797","703","31822"
"2023/02/10","1016","1800","6422","1607","10845"
"2023/02/09","14838","0","11783","2071","28692"
"2023/02/08","3986","0","16988","21","20995"
"2023/02/07","3902","480","12651","47","17080"
"2023/02/06","7483","0","5337","347","13167"
"2023/02/03","23396","13","28646","10","52065"
"2023/02/02","12890","5","6129","91","19115"
"2023/02/01","13401",,"10331","2717","26449"
"2023/01/31","2242","0","29367","5921","37530"
"2023/01/30","4937","5300","27855","1047","39139"
"2023/01/27","15626","4","16751","1207","33588"
"2023/01/26","10437","1751","10841","1447","24476"
"2023/01/25","21750","2850","13181","3308","41089"
"2023/01/20","14028","1920","31444","1400","48792"
"2023/01/19","6637","3000","5062","4887","19586"
"2023/01/18","26320","3323","29366","1794","60803"
"2023/01/17","28349","5532","6733","1601","42215"
"2023/01/16","61538","4750","40095","823","107206"
"2023/01/13","4947","6113","33897","1225","46182"
"2023/01/12","15040","4001","28081","5912","53034"
"2023/01/11","11666","1600","9869","606","23741"
"2023/01/10","10717","2","13869","1946","26534"
"2023/01/09","14388","3","13728","3367","31486"
"2023/01/06","7971","1001","21644","3128","33744"
"2023/01/05","15942","124","39055","4815","59936"
"2023/01/04","9813","893","12052","1068","23826"
"2023/01/03","3826","1","15864","3684","23375"
"2023/01/02","3735","68","23287","1749","28839"
"2022/12/29","611","1","16892","2890","20394"
"2022/12/28","3359","0","24116","1969","29444"
"2022/12/27","559","401","9726","413","11099"
"2022/12/26","5235","1001","6369","98","12703"
"2022/12/23","4326","130","24398","339","29193"
"2022/12/22","10882","7","8057","11","18957"
"2022/12/21","940","2","20092","25","21059"
"2022/12/20","7074","694","22969","2258","32995"
"2022/12/19","656","93","19934","1099","21782"
"2022/12/16","5862",,"30328","789","36979"
"2022/12/15","1870","1","4581","504","6956"
"2022/12/14","4067","5443","3962","474","13946"
"2022/12/13","9346","0","11176","63","20585"
"2022/12/12","3697","2","10662","3154","17515"
"2022/12/09","10301","0","8901","577","19779"
"2022/12/08","3516","752","13352","1641","19261"
"2022/12/07","3108","1902","16313","1040","22363"
"2022/12/06","21655","2195","18156","315","42321"
"2022/12/05","7429","653","3393","2107","13582"
"2022/12/02","11269","1","22379","478","34127"
"2022/12/01","9079","1271","2605","5420","18375"
"2022/11/30","3420","2000","7848","32","13300"
"2022/11/29","8857","2247","4576","278","15958"
"2022/11/28","661","1665","16594","5111","24031"
"2022/11/25","9629","1","12751","723","23104"
"2022/11/24","4111","2","11014","771","15898"
"2022/11/23","5531","0","3703","230","9464"
"2022/11/22","45136","0","11726","11154","68016"
"2022/11/21","3457","2","7636","1971","13066"
"2022/11/18","3120","0","10927","602","14649"
"2022/11/17","6129","1","7399","4498","18027"
"2022/11/16","3654","2","9997","6451","20104"
"2022/11/15","2661","0","7702","1697","12060"
"2022/11/14","3954","2","4004","364","8324"
"2022/11/11","42886",,"28097","825","71808"
"2022/11/10","3984","0","6978","2179","13141"
"2022/11/09","5561",,"3441","4848","13850"
"2022/11/08","21991","1","1382","12503","35877"
"2022/11/07","3442","1250","8998","4975","18665"
"2022/11/04","6162","14","8483","6266","20925"
"2022/11/03","6115","2334","5567","4323","18339"
"2022/11/02","3462","1","9251","2953","15667"
"2022/11/01","4757",,"7427","4932","17116"
"2022/10/31","6871","0","7906","7960","22737"
"2022/10/28","25012","1002","17056","3078","46148"
"2022/10/27","39135","1000","6480","10376","56991"
"2022/10/26","71655","5000","14299","5782","96736"
"2022/10/25","14270","2","5946","2252","22470"
"2022/10/24","20729","112","34299","3431","58571"
"2022/10/21","15552","65","18494","9623","43734"
"2022/10/20","14363","1183","16165","12820","44531"
"2022/10/19","31062","0","7898","18098","57058"
"2022/10/18","17995","4","21808","7210","47017"
"2022/10/17","23854","11000","10511","9024","54389"
"2022/10/14","24968","0","17331","2316","44615"
"2022/10/13","22945","0","17268","15271","55484"
"2022/10/12","13140","442","24875","4061","42518"
"2022/10/11","49095","10000","29056","11313","99464"
"2022/10/07","31920","2","12501","6718","51141"
"2022/10/06","66955","23000","23644","2416","116015"
"2022/10/05","53039","80","13104","6152","72375"
"2022/10/04","22259","5470","15280","1287","44296"
"2022/09/30","23306","9897","4024","4459","41686"
"2022/09/29","12895","2","9179","8501","30577"
"2022/09/28","28008","1000","21161","5364","55533"
"2022/09/27","20940","2","32214","5888","59044"
"2022/09/26","7543","2","14291","8243","30079"
"2022/09/23","3428","1","15907","3917","23253"
"2022/09/22","31226","2","8755","1928","41911"
"2022/09/21","13182","1","7402","2511","23096"
"2022/09/20","7867","0","5055","627","13549"
"2022/09/19","8922","6536","1653","2686","19797"
"2022/09/16","9356","106","5168","3974","18604"
"2022/09/15","21770","10709","2921","907","36307"
"2022/09/14","5741","192","2746","3650","12329"
"2022/09/13","13046","12320","3478","862","29706"
"2022/09/08","15140","5462","7012","2774","30388"
"2022/09/07","12789","300","6521","5146","24756"
"2022/09/06","13161","4000","7273","0","24434"
"2022/09/05","5700","1","6757","1505","13963"
"2022/09/02","3807","669","7623","5408","17507"
"2022/09/01","13675","0","5901","9948","29524"
"2022/08/31","12656",,"7092","4052","23800"
"2022/08/30","28538","1","28949","12068","69556"
"2022/08/29","60864","0","35180","12121","108165"
"2022/08/26","53950","0","9587","552","64089"
"2022/08/25","26166","0","6431","1284","33881"
"2022/08/24","26640","10","14112","850","41612"
"2022/08/23","54304","40","22878","9588","86810"
"2022/08/22","2063","35","12383","16601","31082"
"2022/08/19","33384","1","6238","3085","42708"
"2022/08/18","20960","0","10973","1662","33595"
"2022/08/17","70669","1","3580","4491","78741"
"2022/08/16","60633","189","11874","881","73577"
"2022/08/12","46823","0","22038","5659","74520"
"2022/08/11","45790","0","4515","312","50617"
"2022/08/10","16792","0","11285","6282","34359"
"2022/08/09","11572","0","1171","1455","14198"
"2022/08/08","24997","0","20741","3096","48834"
"2022/08/05","64332","0","3652","3927","71911"
"2022/08/04","10268","0","4154","3066","17488"
"2022/08/03","98102","0","21935","4859","124896"
"2022/08/02","11433","0","5122","3981","20536"
"2022/08/01","15737","70","28552","6215","50574"
"2022/07/29","17862","110","27163","3217","48352"
"2022/07/28","34554","0","25556","5312","65422"
"2022/07/27","33010","100","14749","3258","51117"
"2022/07/26","35176","6571","19841","5657","67245"
"2022/07/25","23011","500","13687","936","38134"
"2022/07/22","41915","0","6569","3730","52214"
"2022/07/21","33585","0","14907","7102","55594"
"2022/07/20","70502","1838","16652","7583","96575"
"2022/07/19","42179","5000","13909","8483","69571"
"2022/07/18","30272","0","3568","1878","35718"
"2022/07/15","12133","400","10708","17986","41227"
"2022/07/14","12021","0","13456","6882","32359"
"2022/07/13","32375","173","33435","9493","75476"
"2022/07/12","108075","400","47862","9525","165862"
"2022/07/11","29061","575","13774","9765","53175"
"2022/07/08","23159","200","6954","6238","36551"
"2022/07/07","11324","0","792","947","13063"
"2022/07/06","12090","0","12989","9007","34086"
"2022/07/05","12407","0","11220","1417","25044"
"2022/07/04","26791","0","21750","3546","52087"
"2022/07/01","9335","11","10805","6010","26161"
"2022/06/30","3852","12","4836","6277","14977"
"2022/06/29","3649","17762","5314","14587","41312"
"2022/06/28","5276","20000","17829","6511","49616"
"2022/06/27","20601","2000","7292","12365","42258"
"2022/06/24","50088","0","8416","10407","68911"
"2022/06/23","24407","0","32119","12830","69356"
"2022/06/22","45442","0","19479","14334","79255"
"2022/06/21","51171","1000","27670","11314","91155"
"2022/06/20","39125","140","148967","26508","214740"
"2022/06/17","1538","0","10558","7129","19225"
"2022/06/16","18785","0","24712","3094","46591"
"2022/06/15","16082","0","8751","6025","30858"
"2022/06/14","20816","0","24482","5721","51019"
"2022/06/13","10032","0","19948","4246","34226"
"2022/06/10","2363","2000","1214","1524","7101"
"2022/06/09","10274","9759","17276","1938","39247"
"2022/06/08","300","0","6383","3619","10302"
"2022/06/07","2945","502","7066","1269","11782"
"2022/06/03","7089","2000","19331","4647","33067"
"2022/06/02","1592","73","15665","2214","19544"
"2022/05/31","1232",,"7958","27903","37093"
"2022/05/30","2592","2040","13399","3957","21988"
"2022/05/27","1623","7222","2311","979","12135"
"2022/05/26","1089","8879","11301","2090","23359"
"2022/05/25","4930","10000","13364","1561","29855"
"2022/05/24","1539","3100","11623","4658","20920"
"2022/05/23","1897","2501","15986","13980","34364"
"2022/05/20","14359","2157","3523","6292","26331"
"2022/05/19","21387","4205","11202","5145","41939"
"2022/05/18","51725","3343","9691","7162","71921"
"2022/05/17","30251","9001","15179","6343","60774"
"2022/05/16","1816","2218","7728","4860","16622"
"2022/05/13","34696","10535","20394","7780","73405"
"2022/05/12","2899","13500","18922","5403","40724"
"2022/05/11","6617","1","24036","14155","44809"
"2022/05/10","12516","3003","23059","13132","51710"
"2022/05/09","5676","0","23242","1659","30577"
"2022/05/06","13756","406","25821","7239","47222"
"2022/05/04","601","92","25083","8340","34116"
"2022/05/03","23642","1675","36526","4980","66823"
"2022/05/02","21093","6352","31291","2385","61121"
"2022/04/29","23753","4000","32945","3083","63781"
"2022/04/28","11734","811","20997","14883","48425"
"2022/04/27","21340","3000","44531","8148","77019"
"2022/04/26","10103","0","21074","8595","39772"
"2022/04/25","109340","0","3162","2574","115076"
"2022/04/22","18239","0","14402","3730","36371"
"2022/04/21","16771","2000","22326","288","41385"
"2022/04/20","24117","116","16436","1504","42173"
"2022/04/19","34282","0","37496","7680","79458"
"2022/04/18","20532","0","92667","12145","125344"
"2022/04/15","8924","0","32306","265","41495"
"2022/04/14","2585","5000","57868","1069","66522"
"2022/04/13","15214","0","49446","1862","66522"
"2022/04/12","5831","3976","54641","1682","66130"
"2022/04/11","5563","2848","24942","16627","49980"
"2022/04/08","7880","0","93030","1473","102383"
"2022/04/07","5289","20000","61619","538","87446"
"2022/04/06","9000","0","35807","1647","46454"
"2022/04/05","492","19671","29505","3526","53194"
"2022/04/04","4237","0","28212","2689","35138"
"2022/04/01","10177","2200","9139","697","22213"
"2022/03/31","1493","10000","18877","1683","32053"
"2022/03/30","10402","0","12850","1194","24446"
"2022/03/29","1682","6284","32184","3289","43439"
"2022/03/28","11472","9834","14018","1804","37128"
"2022/03/25","9635","1000","24868","580","36083"
"2022/03/24","19382","0","2913","1117","23412"
"2022/03/23","6720","0","33845","740","41305"
"2022/03/22","10088","500","50311","100","60999"
"2022/03/21","13","1000","15774","10","16797"
"2022/03/18","6226","0","26931","989","34146"
"2022/03/17","224","0","27313","4052","31589"
"2022/03/16","14018","1777","71619","4902","92316"
"2022/03/15","15094","1800","36192","4454","57540"
"2022/03/14","28105","2","43867","2944","74918"
"2022/03/11","10570","2811","27559","1025","41965"
"2022/03/10","11902","3000","26392","502","41796"
"2022/03/08","15953","1000","19522","5598","42073"
"2022/03/07","10454","4343","11106","1606","27509"
"2022/03/04","16394","1000","18970","2293","38657"
"2022/03/03","26286","0","17875","5217","49378"
"2022/03/02","5329","0","29833","11209","46371"
"2022/02/28","848","0","11993","4009","16850"
"2022/02/25","34387","4305","82169","11470","132331"
"2022/02/24","16244","1170","78105","21985","117504"
"2022/02/23","14504","8033","90236","9343","122116"
"2022/02/22","19195","0","118148","13739","151082"
"2022/02/21","4164","0","46573","20335","71072"
"2022/02/18","2640","0","11392","5493","19525"
"2022/02/17","26005","9000","62342","3163","100510"
"2022/02/16","7526","5000","52376","262","65164"
"2022/02/15","5319","4510","34989","10038","54856"
"2022/02/14","3055","7000","40703","16717","67475"
"2022/02/11","21558","8568","18683","14406","63215"
"2022/02/10","3140","157","35790","6662","45749"
"2022/02/09","19894","7309","41012","8887","77102"
"2022/02/08","16210","29850","43861","14340","104261"
"2022/02/07","21835","31716","112345","6838","172734"
"2022/02/04","4629","20105","83346","4611","112691"
"2022/02/03","8065","27772","45872","19017","100726"
"2022/01/28","12409","2296","28908","6759","50372"
"2022/01/27","14368","0","25598","5158","45124"
"2022/01/26","14787","0","55523","1022","71332"
"2022/01/25","34928","501","25643","8329","69401"
"2022/01/24","34014","0","21622","2800","58436"
"2022/01/21","12918","1512","13297","471","28198"
"2022/01/20","13131","1100","25248","3056","42535"
"2022/01/19","6304","0","8176","1731","16211"
"2022/01/18","650","22070","16612","1287","40619"
"2022/01/17","4757","20174","13276","4604","42811"
"2022/01/14","5624","0","14661","1630","21915"
"2022/01/13","9304","0","52502","2421","64227"
"2022/01/12","23983","0","31684","3391","59058"
"2022/01/11","32476","0","30680","0","63156"
"2022/01/10","46075","0","19549","1854","67478"
"2022/01/07","60128","280","10694","5661","76763"
"2022/01/06","31831","0","12138","2327","46296"
"2022/01/05","26718","2","18309","1684","46713"
"2022/01/04","82697","0","61316","4215","148228"
"2022/01/03","19030","4","18878","3907","41819"
"2021/12/30","5635","4","21233","1488","28360"
"2021/12/29","3959","30","19228","1187","24404"
"2021/12/28","6722","1523","18918","2177","29340"
"2021/12/27","22086","4","25828","3237","51155"
"2021/12/24","7488","0","21900","835","30223"
"2021/12/23","1331","1","19078","802","21212"
"2021/12/22","3302","103","5824","1112","10341"
"2021/12/21","901","0","8765","2138","11804"
"2021/12/20","1351","14","18820","2755","22940"
"2021/12/17","557","774","33385","428","35144"
"2021/12/16","2219","0","11802","1272","15293"
"2021/12/15","1840","0","8578","1942","12360"
"2021/12/14","1923","0","3821","2979","8723"
"2021/12/13","2150","297","14213","1118","17778"
"2021/12/10","4268","0","11027","436","15731"
"2021/12/09","3318","770","10947","2906","17941"
"2021/12/08","5484","0","26040","1584","33108"
"2021/12/07","10554","3000","15208","8192","36954"
"2021/12/06","12376","0","13906","4772","31054"
"2021/12/03","3833","0","18445","12148","34426"
"2021/12/02","7680","0","16247","2302","26229"
"2021/12/01","2480","0","23449","8658","34587"
"2021/11/30","25122","1","65744","7855","98722"
"2021/11/29","18311","10","17614","8061","43996"
"2021/11/26","2868","0","32008","6244","41120"
"2021/11/25","17243","2210","20748","20402","60603"
"2021/11/24","24222","15848","35612","196","75878"
"2021/11/23","8148","0","6505","365","15018"
"2021/11/22","15546","0","31626","4378","51550"
"2021/11/19","38628","0","13837","2764","55229"
"2021/11/18","14934","0","30893","4923","50750"
"2021/11/17","57006","0","28227","8272","93505"
"2021/11/16","20513","13987","29112","1560","65172"
"2021/11/15","0","34902","4394","2423","41719"
"2021/11/12","230","10228","810","4777","16045"
"2021/11/11","33530","11342","21251","7120","73243"
"2021/11/10","39175","4478","16226","4756","64635"
"2021/11/09","21608","64863","15293","1357","103121"
"2021/11/08","28841","500","67088","4535","100964"
"2021/11/05","12065","420","28165","1134","41784"
"2021/11/04","18374","907","28820","10691","58792"
"2021/11/03","29443","0","30148","10917","70508"
"2021/11/02","25477","29697","14791","2348","72313"
"2021/11/01","10170","2524","34130","6614","53438"
"2021/10/29","34077","500","6136","13933","54646"
"2021/10/28","2342","1350","14052","4369","22113"
"2021/10/27","10276","700","9946","4862","25784"
"2021/10/26","5149","2400","18428","7929","33906"
"2021/10/25","10186","3489","8872","9612","32159"
"2021/10/22","8338","33","22518","26364","57253"
"2021/10/21","36055","0","30528","59609","126192"
"2021/10/20","38532","0","23677","1801","64010"
"2021/10/19","66760","1621","45170","25874","139425"
"2021/10/18","13009","9997","40387","13817","77210"
"2021/10/15","17118","9584","18150","27353","72205"
"2021/10/14","5273","0","30039","8370","43682"
"2021/10/13","5284","22821","6076","14757","48938"
"2021/10/12","21387","2000","32685","22830","78902"
"2021/10/08","3790","1000","16625","14890","36305"
"2021/10/07","14555","5034","23649","35250","78488"
"2021/10/06","6866","4800","33277","26189","71132"
"2021/10/05","4184","6206","17332","17620","45342"
"2021/10/01","7938","274620","34011","33372","349941"
"2021/09/30","6490","0","14481","20659","41630"
"2021/09/29","11022","0","84293","29645","124960"
"2021/09/28","58258","20000","120907","61660","260825"
"2021/09/27","2851","15000","33382","18844","70077"
"2021/09/24","27595","1000","77218","30640","136453"
"2021/09/23","9254","0","79132","19488","107874"
"2021/09/17","2979","0","53284","2354","58617"
"2021/09/16","3364","0","31068","3502","37934"
"2021/09/15","4519","0","32872","2710","40101"
"2021/09/14","7992","0","34734","3019","45745"
"2021/09/13","11404","0","24518","5144","41066"
"2021/09/10","6045","0","22893","6054","34992"
"2021/09/09","1144","6930","44799","4306","57179"
"2021/09/08","8485","0","11316","3763","23564"
"2021/09/07","11607","1995","28174","8324","50100"
"2021/09/06","44301","0","47652","1581","93534"
"2021/09/03","21916","2400","40281","4052","68649"
"2021/09/02","2587","0","12888","8539","24014"
"2021/09/01","46501","533","17994","13430","78458"
"2021/08/31","2038","4000","6278","14839","27155"
"2021/08/30","30063","0","56619","49917","136599"
"2021/08/27","6353","15000","100692","8568","130613"
"2021/08/26","3391","2000","38080","3388","46859"
"2021/08/25","2767","1000","27921","1415","33103"
"2021/08/24","2224","0","47753","12240","62217"
"2021/08/23","4902","19323","70100","3033","97358"
"2021/08/20","14623","32750","49510","9178","106061"
"2021/08/19","6197","191","37198","2660","46246"
"2021/08/18","17919","0","24221","5269","47409"
"2021/08/17","6685","0","9780","9048","25513"
"2021/08/13","1767","0","42965","12048","56780"
"2021/08/12","2147","30000","47766","3461","83374"
"2021/08/11","3845",,"32248","2598","38691"
"2021/08/10","21919","10500","3369","2193","37981"
"2021/08/09","21150","0","17469","1742","40361"
"2021/08/06","6054","0","41832","4653","52539"
"2021/08/05","10111","35464","6660","4106","56341"
"2021/08/04","797","2470","11429","4215","18911"
"2021/08/03","7693","1000","6082","8334","23109"
"2021/08/02","4215","0","20555","11782","36552"
"2021/07/30","41380","9350","13064","4627","68421"
"2021/07/29","1252","6403","28822","4908","41385"
"2021/07/28","9610","400","15159","2071","27240"
"2021/07/27","2868","0","27440","5942","36250"
"2021/07/26","1308","0","57773","5531","64612"
"2021/07/23","1613","0","80367","2540","84520"
"2021/07/22","1568","0","48387","7099","57054"
"2021/07/21","6668","0","31290","1960","39918"
"2021/07/20","3637","836","49006","615","54094"
"2021/07/19","27314","0","28451","2005","57770"
"2021/07/16","21503","0","25402","600","47505"
"2021/07/15","17156","0","31215","1561","49932"
"2021/07/14","16388","0","19357","2525","38270"
"2021/07/13","18999","0","14326","4589","37914"
"2021/07/12","29757","0","22675","4948","57380"
"2021/07/09","34220","2140","54151","2184","92695"
"2021/07/08","21323","0","46789","5196","73308"
"2021/07/07","23630","0","50314","4179","78123"
"2021/07/06","36356","0","44250","499","81105"
"2021/07/05","28246","2000","27773","2310","60329"
"2021/07/02","12560","2000","23162","473","38195"
"2021/07/01","18805","0","26772","2234","47811"
"2021/06/30","16073","0","12963","4","29040"
"2021/06/29","4161","4936","34610","7028","50735"
"2021/06/28","54172","10000","81067","2944","148183"
"2021/06/25","16578","0","15584","606","32768"
"2021/06/24","14005","0","22215","1511","37731"
"2021/06/23","79953","21875","28144","9702","139674"
"2021/06/22","54746","12492","28679","968","96885"
"2021/06/21","30280","5000","31083","6147","72510"
"2021/06/18","46039","5000","12336","9799","73174"
"2021/06/17","26603","18975","125059","5982","176619"
"2021/06/16","38700","0","45382","8155","92237"
"2021/06/15","39989","1800","52037","43","93869"
"2021/06/14","65753","5000","51351","1110","123214"
"2021/06/11","26119","0","46037","11614","83770"
"2021/06/10","9546","0","51043","6649","67238"
"2021/06/09","38099","10000","79878","11352","139329"
"2021/06/08","37985","15000","25853","1510","80348"
"2021/06/07","37366","10534","126878","21580","196358"
"2021/06/04","77790","1071","78644","15891","173396"
"2021/06/03","76393","10000","158762","30942","276097"
"2021/06/02","56869","15000","166955","13175","251999"
"2021/06/01","64360","20100","190337","12548","287345"
"2021/05/31","70645","48237","82605","9726","211213"
"2021/05/28","69171","17636","81558","32341","200706"
"2021/05/27","148325","26602","187376","10084","372387"
"2021/05/26","29215","0","71814","30416","131445"
"2021/05/25","29855","0","143589","24346","197790"
"2021/05/24","66757","23200","168441","3157","261555"
"2021/05/21","28871","2000","48352","16141","95364"
"2021/05/20","60224","2361","133138","1961","197684"
"2021/05/18","76240","5000","117433","841","199514"
"2021/05/17","16656","300","39353","33151","89460"
"2021/05/14","64350","0","72476","3923","140749"
"2021/05/13","122875","19214","299717","10693","452499"
"2021/05/12","84829","0","81442","33705","199976"
"2021/05/11","48908","25000","50933","7474","132315"
"2021/05/10","43915","0","82686","12764","139365"
"2021/05/07","32389","2128","15651","20243","70411"
"2021/05/06","1180","38205","76730","25057","141172"
"2021/05/04","55974","0","58742","7497","122213"
"2021/05/03","34706","0","61328","1091","97125"
"2021/04/30","17192","0","25845","1544","44581"
"2021/04/29","25415","2","33584","1192","60193"
"2021/04/28","67397","0","33372","2223","102992"
"2021/04/27","33171","28965","32335","20078","114549"
"2021/04/26","46939","20365","94331","2638","164273"
"2021/04/23","50151","0","49750","4854","104755"
"2021/04/22","61187","0","54094","13477","128758"
"2021/04/21","80031","0","39631","15660","135322"
"2021/04/20","74215","19203","52699","25202","171319"
"2021/04/19","32047","3003","82560","12992","130602"
"2021/04/16","31120","0","33668","15149","79937"
"2021/04/15","70074","3636","77787","5484","156981"
"2021/04/14","14504","0","26753","6369","47626"
"2021/04/13","57895","7997","68662","11193","145747"
"2021/04/12","41237","7489","56060","2068","106854"
"2021/04/09","15569","0","39232","0","54801"
"2021/04/08","33403",,"31099","12915","77417"
"2021/04/07","22590","0","40856","9181","72627"
"2021/04/06","66244","0","72358","6086","144688"
"2021/04/05","62090","0","50098","4553","116741"
"2021/04/02","47504","3215","64632","4139","119490"
"2021/04/01","14939","12778","51141","1529","80387"
"2021/03/31","70271","0","73010","424","143705"
"2021/03/30","61788","0","62697","14876","139361"
"2021/03/29","74584","3490","127121","36444","241639"
"2021/03/26","11449","0","103127","534","115110"
"2021/03/25","292210","12000","160741","8468","473419"
"2021/03/24","1871",,"7665","0","9536"
"2021/03/23","2901","223","45482","1520","50126"
"2021/03/22","611","0","20648","9444","30703"
"2021/03/19","2989","0","66068","685","69742"
"2021/03/18","0","0","18391","1356","19747"
"2021/03/17","946","0","34869","1685","37500"
"2021/03/16","610","0","26008","0","26618"
"2021/03/15","255","0","41656","244","42155"
"2021/03/12","2008",,"11804","3814","17626"
"2021/03/11","15168","0","15878","1141","32187"
"2021/03/10","10829","0","6220","4832","21881"
"2021/03/09","14267","0","21423","955","36645"
"2021/03/08","9269","0","31613","1241","42123"
"2021/03/05","18687","0","21503","301","40491"
"2021/03/04","5789","0","45774","53","51616"
"2021/03/03","2789","0","22352","10556","35697"
"2021/03/02","8053","0","46562","2507","57122"
"2021/02/26","6829","0","48401","3589","58819"
"2021/02/25","14967","0","106201","7635","128803"
"2021/02/24","18905","0","72460","1051","92416"
"2021/02/23","10190","0","67530","0","77720"
"2021/02/22","19794","0","42525","41","62360"
"2021/02/19","14892","5500","36275","545","57212"
"2021/02/18","15833","2472","40967","1388","60660"
"2021/02/17","61908","0","73813","2421","138142"
"2021/02/16","30604","10263","83408","558","124833"
"2021/02/15","23785","10490","61044","14399","109718"
"2021/02/10","2886","10000","119778","3897","136561"
"2021/02/09","1139","10000","61734","4363","77236"
"2021/02/08","16442","14586","108980","7894","147902"
"2021/02/05","45834","20300","112835","5719","184688"
"2021/02/04","18414","0","32184","691","51289"
"2021/02/03","22917","1000","41842","7666","73425"
"2021/02/02","19647","0","57141","2030","78818"
"2021/02/01","1726","0","36100","1896","39722"
"2021/01/29","3128","0","40582","1997","45707"
"2021/01/28","1832","0","85620","11056","98508"
"2021/01/27","1152","0","45655","1285","48092"
"2021/01/26","4187","0","83904","1333","89424"
"2021/01/25","1735","400","75539","2070","79744"
"2021/01/22","7342","0","66269","3242","76853"
"2021/01/21","34114","0","15693","2821","52628"
"2021/01/20","36320","0","58629","3821","98770"
"2021/01/19","369","0","59321","1545","61235"
"2021/01/18","5424","0","37361","7013","49798"
"2021/01/15","23346","0","60379","2686","86411"
"2021/01/14","8659","0","42729","7861","59249"
"2021/01/13","11090","0","12184","4454","27728"
"2021/01/12","22339","0","49610","3051","75000"
"2021/01/11","32317","0","79283","2874","114474"
"2021/01/08","6311","0","105194","3496","115001"
"2021/01/07","5413","0","59006","3149","67568"
"2021/01/06","2113","0","52856","8661","63630"
"2021/01/05","950","34836","63124","6901","105811"
"2021/01/04","9797","13000","99840","17880","140517"
"2020/12/30","8474","2200","21036","13414","45124"
"2020/12/29","61830","2099","28534","1827","94290"
"2020/12/28","26356","22639","79210","1798","130003"
"2020/12/24","2170","3224","25381","0","30775"
"2020/12/23","7722","5427","20360","3553","37062"
"2020/12/22","18550","6786","39133","2216","66685"
"2020/12/21","21177","21000","16522","11935","70634"
"2020/12/18","122193","20000","42959","103451","288603"
"2020/12/17","35261","15893","70621","2758","124533"
"2020/12/16","65278","20000","14005","2764","102047"
"2020/12/15","3850","0","29518","18","33386"
"2020/12/14","73298","303","19313","4113","97027"
"2020/12/11","23833","0","53053","1070","77956"
"2020/12/10","14918","2013","48071","2359","67361"
"2020/12/09","12865","6500","13560","4078","37003"
"2020/12/08","1331","1292","6331","2115","11069"
"2020/12/07","11285","3800","57973","1148","74206"
"2020/12/04","34152","6972","25177","8866","75167"
"2020/12/03","52453","8693","26129","4027","91302"
"2020/12/02","24028","353","32626","10768","67775"
"2020/12/01","23837","0","33632","7890","65359"
"2020/11/30","36568",,"35817","8130","80515"
"2020/11/27","10435","0","19920","4640","34995"
"2020/11/26","20538",,"43390","3145","67073"
"2020/11/25","31953",,"30716","7170","69839"
"2020/11/24","50686",,"14888","5076","70650"
"2020/11/23","38445",,"13459","15808","67712"
"2020/11/20","65495","3987","44363","11398","125243"
"2020/11/19","50230","40","40099","2100","92469"
"2020/11/18","23470","0","83148","1608","108226"
"2020/11/17","4352","0","74252","1497","80101"
"2020/11/16","33912","0","44377","11748","90037"
"2020/11/13","70357","0","12001","13629","95987"
"2020/11/12","29160","0","47559","7498","84217"
"2020/11/11","53534","0","41101","11430","106065"
"2020/11/10","36517","0","41987","12998","91502"
"2020/11/09","31647","0","89947","10548","132142"
"2020/11/06","73736","0","15645","0","89381"
"2020/11/05","169365","400","51698","12623","234086"
"2020/11/04","69806","0","39924","52289","162019"
"2020/11/03","48689","0","42112","17228","108029"
"2020/11/02","36411","5334","41738","14184","97667"
"2020/10/30","43243","0","57563","120392","221198"
"2020/10/29","29834","5334","83640","1674","120482"
"2020/10/28","40653","412","104033","1980","147078"
"2020/10/27","122719","0","142440","16757","281916"
"2020/10/26","36912","12000","87491","17454","153857"
"2020/10/23","65645","19177","148057","4584","237463"
"2020/10/22","45808","8000","81364","2584","137756"
"2020/10/21","14291","14203","110251","2625","141370"
"2020/10/20","18252","1632","114777","10574","145235"
"2020/10/19","103697","86700","198995","18230","407622"
"2020/10/16","25722","13098","181344","17441","237605"
"2020/10/15","43965","0","113195","3778","160938"
"2020/10/14","28051",,"122855","6493","157399"
"2020/10/13","9081","0","67009","10423","86513"
"2020/10/12","5197","0","46343","8293","59833"
"2020/10/08","20660","0","239579","0","260239"
"2020/10/07","7889","0","50013","2240","60142"
"2020/10/06","5694","0","30622","3827","40143"
"2020/10/05","4120","0","16380","5802","26302"
"2020/09/29","4048","0","28616","4022","36686"
"2020/09/28","1394","2637","47686","1019","52736"
"2020/09/25","215","14000","55813","1017","71045"
"2020/09/24","579","0","105205","1079","106863"
"2020/09/23","4872","0","43992","459","49323"
"2020/09/22","9487","0","27303","12155","48945"
"2020/09/21","400","0","22017","2235","24652"
"2020/09/18","976","0","23999","2171","27146"
"2020/09/17","6207","33","35375","2949","44564"
"2020/09/16","9896","0","45020","0","54916"
"2020/09/15","13211","0","40691","0","53902"
"2020/09/14","19612","0","47763","870","68245"
"2020/09/11","12047","0","37884","3025","52956"
"2020/09/10","10720","440","27087",,"38247"
"2020/09/09","16235","0","40043","3194","59472"
"2020/09/08","23144","0","15982","0","39126"
"2020/09/07","38811","0","26177","0","64988"
"2020/09/04","31538","0","31970","567","64075"
"2020/09/03","20476","0","48026",,"68502"
"2020/09/02","31341","0","88556",,"119897"
"2020/09/01","54074","0","62963",,"117037"
"2020/08/31","23353","0","96290","300","119943"
"2020/08/28","100901","100","45719","500","147220"
"2020/08/27","24374","0","155549","2743","182666"
"2020/08/26","40902","0","56880","5401","103183"
"2020/08/25","62465","0","43242","616","106323"
"2020/08/24","22143","22200","36371","333","81047"
"2020/08/21","29874","11000","24873","4908","70655"
"2020/08/20","21281","0","109684","451","131416"
"2020/08/19","30422","0","27530","598","58550"
"2020/08/18","71629","0","100630","15974","188233"
"2020/08/14","1020","1000","68914","2092","73026"
"2020/08/13","31574","2000","129006","4656","167236"
"2020/08/12","19694","0","259299","11960","290953"
"2020/08/11","6832","0","201932","3","208767"
"2020/08/10","121848","0","86006","3287","211141"
"2020/08/07","18279","0","83530","6748","108557"
"2020/08/06","45378","1112","112927","2798","162215"
"2020/08/05","65549","0","199512","93719","358780"
"2020/08/04","89731","0","159197","21753","270681"
"2020/08/03","73779","662","96585","25383","196409"
"2020/07/31","71455","0","70811","20000","162266"
"2020/07/30","79668","0","74192","20732","174592"
"2020/07/29","144103","0","198223","32934","375260"
"2020/07/28","77556","0","234340","14301","326197"
"2020/07/27","27654","0","91145","1915","120714"
"2020/07/24","1300","0","171221","17191","189712"
"2020/07/23","2234","0","241831","20","244085"
"2020/07/22","121021","0","259088","1032","381141"
"2020/07/21","57035","0","325178","15623","397836"
"2020/07/20","160393","0","463766","104561","728720"
"2020/07/17","341633","4213","1612362","527151","2485359"
"2020/07/16","1376792","42758","4766544","1244104","7430198"