일자,기관 합계,기타법인,개인,외국인 합계,전체
"2023/05/04","71730","0","11990","17150","100870"
"2023/05/03","13115","0","33023","5851","51989"
"2023/05/02","26905","125","50802","4431","82263"
"2023/04/28","18555","1","38876","12455","69887"
"2023/04/27","19598","13001","27121","13725","73445"
"2023/04/26","35585","62","57161","3007","95815"
"2023/04/25","69954","0","31585","6529","108068"
"2023/04/24","96399","0","12968","14452","123819"
"2023/04/21","35908","0","24760","10197","70865"
"2023/04/20","59105","3500","35245","3344","101194"
"2023/04/19","44925","3500","19146","4399","71970"
"2023/04/18","54696","5610","11733","11953","83992"
"2023/04/17","24547","3002","27666","23333","78548"
"2023/04/14","86040","0","49855","1439","137334"
"2023/04/13","51194","0","31908","1968","85070"
"2023/04/12","44504","0","23470","6567","74541"
"2023/04/11","34498","0","16656","8329","59483"
"2023/04/10","16899","3603","12995","5863","39360"
"2023/04/07","35662","0","25822","5724","67208"
"2023/04/06","16977","0","12872","2605","32454"
"2023/04/05","17334","0","31210","510","49054"
"2023/04/04","27531","1","37828","402","65762"
"2023/04/03","14896","0","13016","2057","29969"
"2023/03/31","12390","0","16023","6585","34998"
"2023/03/30","12178","0","27182","744","40104"
"2023/03/29","25317","1","57603","13507","96428"
"2023/03/28","16163","0","15917","1343","33423"
"2023/03/27","44004","1","30378","5746","80129"
"2023/03/24","4656","0","12124","1823","18603"
"2023/03/23","24561","0","26953","2575","54089"
"2023/03/22","8042","0","26735","3387","38164"
"2023/03/21","1338","0","26541","1135","29014"
"2023/03/20","8502","1","19497","3101","31101"
"2023/03/17","2896","6","16629","9315","28846"
"2023/03/16","9946","1","31996","4953","46896"
"2023/03/15","23744","1","22577","1791","48113"
"2023/03/14","32053","0","16994","15159","64206"
"2023/03/13","21348","0","31253","4092","56693"
"2023/03/10","9524","0","23519","1323","34366"
"2023/03/09","18652","10","19892","2199","40753"
"2023/03/08","5848","0","12414","1318","19580"
"2023/03/07","9156","10427","15348","608","35539"
"2023/03/06","9309","0","11778","1504","22591"
"2023/03/03","9195","2","12167","2773","24137"
"2023/03/02","34276","0","12333","5207","51816"
"2023/02/28","11068","0","15891","1192","28151"
"2023/02/27","15643","0","9369","655","25667"
"2023/02/24","21657","1","14469","3450","39577"
"2023/02/23","14245","0","25124","1533","40902"
"2023/02/22","8910","0","19855","2137","30902"
"2023/02/21","6727","0","29652","5097","41476"
"2023/02/20","29114","1","38135","2807","70057"
"2023/02/17","24666","1","7315","502","32484"
"2023/02/16","42514","0","18741","1503","62758"
"2023/02/15","9864","0","7547","5182","22593"
"2023/02/14","4992","184","32861","4190","42227"
"2023/02/13","19493","0","14054","1623","35170"
"2023/02/10","16617","0","26622","2808","46047"
"2023/02/09","45837","2185","16038","5076","69136"
"2023/02/08","20605","0","24746","1460","46811"
"2023/02/07","9653","5000","9072","6355","30080"
"2023/02/06","7009","245","22638","4940","34832"
"2023/02/03","5323","10","5258","340","10931"
"2023/02/02","11975","2890","33026","5695","53586"
"2023/02/01","13754",,"26510","3568","43832"
"2023/01/31","14768","0","25923","2377","43068"
"2023/01/30","12898","302","18747","7947","39894"
"2023/01/27","14120","1","35385","4179","53685"
"2023/01/26","28706","1753","21500","7537","59496"
"2023/01/25","10821","1950","21543","3220","37534"
"2023/01/20","102151","1750","19624","6320","129845"
"2023/01/19","8755","0","15691","5010","29456"
"2023/01/18","34780","179","25367","13470","73796"
"2023/01/17","49552","1001","43925","5678","100156"
"2023/01/16","46312","1753","14605","2109","64779"
"2023/01/13","8288","117","24229","3013","35647"
"2023/01/12","35709","3","29321","493","65526"
"2023/01/11","10150","1","11695","3298","25144"
"2023/01/10","14562","3","9837","1572","25974"
"2023/01/09","14140","0","34262","4804","53206"
"2023/01/06","26205","3","28217","3061","57486"
"2023/01/05","7341","625","34927","4488","47381"
"2023/01/04","21749","2","16841","4670","43262"
"2023/01/03","8098","2103","56340","4377","70918"
"2023/01/02","7613","3","41550","3739","52905"
"2022/12/29","9446","1","57891","2334","69672"
"2022/12/28","8416","0","39541","1889","49846"
"2022/12/27","12791","813","33560","12735","59899"
"2022/12/26","37127","58","67771","22941","127897"
"2022/12/23","37862","100060","52338","7124","197384"
"2022/12/22","40475","4","22661","13582","76722"
"2022/12/21","27157","62881","55995","14635","160668"
"2022/12/20","50792","40117","28561","27643","147113"
"2022/12/19","55896","4500","47544","12384","120324"
"2022/12/16","38666","90060","52806","13132","194664"
"2022/12/15","43528","0","26705","11461","81694"
"2022/12/14","45978","4442","35514","10461","96395"
"2022/12/13","28520","413","29369","12835","71137"
"2022/12/12","24722","0","24247","4906","53875"
"2022/12/09","37003","0","17307","1514","55824"
"2022/12/08","21051","0","14096","2834","37981"
"2022/12/07","9463","7400","30572","4964","52399"
"2022/12/06","21849","0","11558","9633","43040"
"2022/12/05","34995","397","20727","8285","64404"
"2022/12/02","35577",,"32405","3955","71937"
"2022/12/01","40033","403","34359","10033","84828"
"2022/11/30","29438","60532","10008","10455","110433"
"2022/11/29","7543",,"35807","7679","51029"
"2022/11/28","26388","0","35278","3972","65638"
"2022/11/25","5641","4000","60587","2890","73118"
"2022/11/24","30409","4768","20089","1710","56976"
"2022/11/23","12946","2480","15088","3077","33591"
"2022/11/22","18597","0","14678","5982","39257"
"2022/11/21","30692",,"17657","5567","53916"
"2022/11/18","22125",,"13694","9232","45051"
"2022/11/17","31762",,"12143","11378","55283"
"2022/11/16","58092","0","48308","14915","121315"
"2022/11/15","5362",,"48571","4373","58306"
"2022/11/14","49928",,"16321","13403","79652"
"2022/11/11","49317",,"51726","21032","122075"
"2022/11/10","24717","0","16698","6161","47576"
"2022/11/09","37061",,"16633","4176","57870"
"2022/11/08","37323","0","15008","4045","56376"
"2022/11/07","64800","6074","9197","4552","84623"
"2022/11/04","13720","0","8082","17901","39703"
"2022/11/03","13475","0","12939","17046","43460"
"2022/11/02","68574","301","30648","14765","114288"
"2022/11/01","106396","4000","22884","6706","139986"
"2022/10/31","34374","23330","23349","13200","94253"
"2022/10/28","42258","29442","15122","21972","108794"
"2022/10/27","119472","6555","32771","5768","164566"
"2022/10/26","28077","1719","17954","10730","58480"
"2022/10/25","12251","6200","48009","6077","72537"
"2022/10/24","43602","43191","33872","13812","134477"
"2022/10/21","173898","3688","43850","38505","259941"
"2022/10/20","92585","6870","30149","16874","146478"
"2022/10/19","135867","300","16749","22145","175061"
"2022/10/18","102307","2328","66394","32717","203746"
"2022/10/17","145207","5440","54910","24146","229703"
"2022/10/14","79922","100","70858","12129","163009"
"2022/10/13","84985","0","50445","28961","164391"
"2022/10/12","30939","576","27878","13201","72594"
"2022/10/11","20028","0","11115","14448","45591"
"2022/10/07","92296","0","31102","7732","131130"
"2022/10/06","84889","30","11037","6684","102640"
"2022/10/05","44220","0","6546","5461","56227"
"2022/10/04","101681","5","24442","5334","131462"
"2022/09/30","76876","1200","30659","13601","122336"
"2022/09/29","83043","2138","24014","13036","122231"
"2022/09/28","73020","439","21240","13011","107710"
"2022/09/27","22334","42","34879","14360","71615"
"2022/09/26","22647","1724","45015","36483","105869"
"2022/09/23","17450","10258","17551","13373","58632"
"2022/09/22","18653","1600","23040","7631","50924"
"2022/09/21","24807","1012","33802","5002","64623"
"2022/09/20","31052","1405","26619","5563","64639"
"2022/09/19","90163","1094","29913","9786","130956"
"2022/09/16","35170","8052","23277","32009","98508"
"2022/09/15","28123","1901","34642","6938","71604"
"2022/09/14","28584","0","25116","10315","64015"
"2022/09/13","81482","1","30096","27298","138877"
"2022/09/08","76294","0","11496","21841","109631"
"2022/09/07","36617","1460","36424","36428","110929"
"2022/09/06","43268","1","21619","8786","73674"
"2022/09/05","28387","0","33974","6470","68831"
"2022/09/02","34572","5787","21762","20644","82765"
"2022/09/01","51125","0","9935","23914","84974"
"2022/08/31","20926","0","18423","23664","63013"
"2022/08/30","194881","0","11323","16207","222411"
"2022/08/29","80708","126917","28402","19086","255113"
"2022/08/26","33539","0","13664","21705","68908"
"2022/08/25","48960","0","13265","16708","78933"
"2022/08/24","69987","1530","14947","16947","103411"
"2022/08/23","65079","3882","23875","10931","103767"
"2022/08/22","49979","0","14614","21419","86012"
"2022/08/19","47956","450","12332","4108","64846"
"2022/08/18","80951","0","6655","21604","109210"
"2022/08/17","60775","0","5021","6015","71811"
"2022/08/16","79918","0","18260","32748","130926"
"2022/08/12","68052",,"12693","1282","82027"
"2022/08/11","79810","0","13158","3518","96486"
"2022/08/10","46707","0","20622","2313","69642"
"2022/08/09","14298","0","11193","872","26363"
"2022/08/08","22128","0","10513","2864","35505"
"2022/08/05","56820","0","11628","11057","79505"
"2022/08/04","158060","0","23099","8751","189910"
"2022/08/03","58889","500","14508","15823","89720"
"2022/08/02","57085","10","11522","11155","79772"
"2022/08/01","88912","30","7453","24918","121313"
"2022/07/29","90482","1938","63685","3573","159678"
"2022/07/28","41748","0","18784","10559","71091"
"2022/07/27","31427","600","12118","7189","51334"
"2022/07/26","35602","0","18156","10555","64313"
"2022/07/25","289252","1","20429","7882","317564"
"2022/07/22","157971","2","16795","4739","179507"
"2022/07/21","68400","0","5410","346","74156"
"2022/07/20","96292","0","33725","13713","143730"
"2022/07/19","52634","0","8504","4998","66136"
"2022/07/18","24463","50000","36767","2518","113748"
"2022/07/15","82984","0","118484","5835","207303"
"2022/07/14","54450","0","38741","3509","96700"
"2022/07/13","141893","0","25961","797","168651"
"2022/07/12","26354","0","32890","1856","61100"
"2022/07/11","53755","0","27436","6463","87654"
"2022/07/08","24553","114874","11236","2911","153574"
"2022/07/07","20576","0","32819","1853","55248"
"2022/07/06","41075","0","12055","12625","65755"
"2022/07/05","35156","0","38041","20021","93218"
"2022/07/04","64652","2000","52042","6180","124874"
"2022/07/01","49223","0","38104","25958","113285"
"2022/06/30","68383","104","72005","47688","188180"
"2022/06/29","93734","0","9474","17798","121006"
"2022/06/28","64002","0","28420","11976","104398"
"2022/06/27","52387","2","11380","53318","117087"
"2022/06/24","129351","50318","60988","38131","278788"
"2022/06/23","70922","60000","155514","70671","357107"
"2022/06/22","85263","400","35573","36894","158130"
"2022/06/21","64612","0","25022","54087","143721"
"2022/06/20","99655","3045","129988","39543","272231"
"2022/06/17","31834","3007","37999","40370","113210"
"2022/06/16","46758","12000","28735","34103","121596"
"2022/06/15","46490","0","42148","49245","137883"
"2022/06/14","72670","0","58000","59013","189683"
"2022/06/13","34932","13487","39216","20615","108250"
"2022/06/10","74711","0","40359","20110","135180"
"2022/06/09","33664","600","5790","9180","49234"
"2022/06/08","52218","7607","25952","8157","93934"
"2022/06/07","32639","8393","36162","13352","90546"
"2022/06/03","41790","0","41376","19343","102509"
"2022/06/02","37580","14010","24157","14734","90481"
"2022/05/31","37812","20574","13883","46440","118709"
"2022/05/30","125462","200","42203","69165","237030"
"2022/05/27","240845","22075","128216","44976","436112"
"2022/05/26","118951","58095","127652","65482","370180"
"2022/05/25","1071468","10118","109322","79624","1270532"
"2022/05/24","103654","23882","69304","39660","236500"
"2022/05/23","86044","9500","39237","34843","169624"
"2022/05/20","60482","0","19357","86168","166007"
"2022/05/19","56664","2227","54270","96718","209879"
"2022/05/18","64997","8090","14698","26074","113859"
"2022/05/17","101229","1000","36349","45938","184516"
"2022/05/16","136931","2290","49089","16873","205183"
"2022/05/13","81765","12532","53942","51243","199482"
"2022/05/12","46261","19224","50326","45789","161600"
"2022/05/11","100528","13274","60824","72954","247580"
"2022/05/10","520232","90003","149620","99511","859366"
"2022/05/09","4834089","27758","130567","47234","5039648"
"2022/05/06","62824","15188","80532","37002","195546"
"2022/05/04","180851","41741","144658","13227","380477"
"2022/05/03","73580","12356","82637","19359","187932"
"2022/05/02","55429","4718","23503","18791","102441"
"2022/04/29","33605","19204","84551","9979","147339"
"2022/04/28","44695","1600","90539","7883","144717"
"2022/04/27","37100","0","124826","25028","186954"
"2022/04/26","95145","0","90298","3801","189244"
"2022/04/25","140845","1035","87811","48128","277819"
"2022/04/22","85431","1692","100081","5573","192777"
"2022/04/21","63289","4000","106675","16740","190704"
"2022/04/20","42194","6000","87616","6865","142675"
"2022/04/19","30976","4714","119063","29121","183874"
"2022/04/18","70839","4089","75881","35455","186264"
"2022/04/15","82621","1300","180785","8324","273030"
"2022/04/14","55545","0","106669","13680","175894"
"2022/04/13","36556","4075","91436","27052","159119"
"2022/04/12","31972","16075","102293","13621","163961"
"2022/04/11","33176","17579","59063","30577","140395"
"2022/04/08","35271","16769","122696","22567","197303"
"2022/04/07","38202","27778","324115","72813","462908"
"2022/04/06","158631","80057","56049","10565","305302"
"2022/04/05","67666","60336","76789","2484","207275"
"2022/04/04","30248","0","54039","5943","90230"
"2022/04/01","38808","10000","126371","10200","185379"
"2022/03/31","35266","11000","51729","3468","101463"
"2022/03/30","41194","34500","22598","8805","107097"
"2022/03/29","37789","10500","32243","1748","82280"
"2022/03/28","99911","2131","12361","593","114996"
"2022/03/25","21264","4000","13157","5143","43564"
"2022/03/24","114372","3000","10927","5211","133510"
"2022/03/23","44113","2000","19614","3235","68962"
"2022/03/22","76757","0","28584","24775","130116"
"2022/03/21","50729","0","12170","18010","80909"
"2022/03/18","71458","0","37310","15212","123980"
"2022/03/17","68042","2871","8494","23968","103375"
"2022/03/16","61626","0","21661","11169","94456"
"2022/03/15","142735","0","45141","21001","208877"
"2022/03/14","54523","0","21478","23516","99517"
"2022/03/11","97837","1700","69313","22781","191631"
"2022/03/10","69767","3936","20808","10415","104926"
"2022/03/08","29603","0","15569","32201","77373"
"2022/03/07","18916","2510","43489","11358","76273"
"2022/03/04","121853","1000","78600","10396","211849"
"2022/03/03","40770","0","35308","2096","78174"
"2022/03/02","169663","0","45573","30071","245307"
"2022/02/28","26829",,"31736","8456","67021"
"2022/02/25","51612",,"15891","12051","79554"
"2022/02/24","20588","120","79596","18748","119052"
"2022/02/23","73795","0","20536","25293","119624"
"2022/02/22","12378","0","44307","5040","61725"
"2022/02/21","29470","19520","22197","14618","85805"
"2022/02/18","18675","5000","59778","12475","95928"
"2022/02/17","32857","400","56807","21999","112063"
"2022/02/16","31794","0","14312","13992","60098"
"2022/02/15","37895","0","39688","34129","111712"
"2022/02/14","9219","0","32193","26461","67873"
"2022/02/11","40048","41768","55325","29488","166629"
"2022/02/10","55257","2023","25393","15192","97865"
"2022/02/09","82382","3895","42563","4475","133315"
"2022/02/08","56376","0","38698","21194","116268"
"2022/02/07","69520","16000","31025","35851","152396"
"2022/02/04","73252","118295","64165","19516","275228"
"2022/02/03","87579","55839","27472","12005","182895"
"2022/01/28","91067","29000","32783","19172","172022"
"2022/01/27","41093","5000","62788","10330","119211"
"2022/01/26","9587","14233","32904","9846","66570"
"2022/01/25","28505","16602","38147","14972","98226"
"2022/01/24","12845","51218","23564","6983","94610"
"2022/01/21","20263","41177","19335","1681","82456"
"2022/01/20","28612","0","18695","932","48239"
"2022/01/19","41037","0","46385","26175","113597"
"2022/01/18","7505","0","28261","5743","41509"
"2022/01/17","49159","1893","41871","18791","111714"
"2022/01/14","13044","1399","32665","7490","54598"
"2022/01/13","14852","13035","16461","3150","47498"
"2022/01/12","8106","665","28576","5775","43122"
"2022/01/11","10252","0","25638","10170","46060"
"2022/01/10","22664","200","30143","7279","60286"
"2022/01/07","19158","0","29830","27073","76061"
"2022/01/06","37198","0","46378","8338","91914"
"2022/01/05","21173","1","48092","17609","86875"
"2022/01/04","35641","0","48544","7665","91850"
"2022/01/03","75268","10000","13412","16647","115327"
"2021/12/30","23195","9990","9014","5314","47513"
"2021/12/29","13897","22599","13094","2137","51727"
"2021/12/28","59693","1300","88076","1301","150370"
"2021/12/27","39404","3002","34022","21133","97561"
"2021/12/24","74902","0","19643","19635","114180"
"2021/12/23","53317","0","14344","9368","77029"
"2021/12/22","28143","1269","19085","6217","54714"
"2021/12/21","53790","1","7790","12790","74371"
"2021/12/20","27669","0","18900","10569","57138"
"2021/12/17","21425","4946","21920","20211","68502"
"2021/12/16","9277",,"61019","12629","82925"
"2021/12/15","5007","2","43424","10057","58490"
"2021/12/14","5624","20002","31536","6776","63938"
"2021/12/13","17452","0","61915","4193","83560"
"2021/12/10","67383","0","32387","12205","111975"
"2021/12/09","26920","10000","35003","8413","80336"
"2021/12/08","28219","2280","21850","14182","66531"
"2021/12/07","28279","1","16386","14714","59380"
"2021/12/06","35659","1193","46018","31855","114725"
"2021/12/03","89439","8488","46150","24541","168618"
"2021/12/02","177052","6003","44164","16438","243657"
"2021/12/01","111079","0","60634","17238","188951"
"2021/11/30","234708","0","137692","35997","408397"
"2021/11/29","178078","14020","107352","64186","363636"
"2021/11/26","119047","61847","135254","28094","344242"
"2021/11/25","1468551","52241","47251","45080","1613123"
"2021/11/24","26412","22330","65423","9236","123401"
"2021/11/23","24507","12291","131804","14123","182725"
"2021/11/22","41137","4265","249202","27260","321864"
"2021/11/19","23152","20500","46084","25384","115120"
"2021/11/18","2502","0","88137","30463","121102"
"2021/11/17","32640",,"126726","10696","170062"
"2021/11/16","56913","0","182986","8311","248210"
"2021/11/15","32686","0","36147","13518","82351"
"2021/11/12","25515","0","27542","20819","73876"
"2021/11/11","15183","0","36720","12355","64258"
"2021/11/10","13504","0","75882","11881","101267"
"2021/11/09","19934","0","60383","17441","97758"
"2021/11/08","1005",,"66616","14753","82374"
"2021/11/05","25080","168","85885","12660","123793"
"2021/11/04","47972","1","142654","26096","216723"
"2021/11/03","8603","10801","67383","25519","112306"
"2021/11/02","15726","5283","110660","39901","171570"
"2021/11/01","52123","3500","123255","15274","194152"
"2021/10/29","136629","14052","122782","14683","288146"
"2021/10/28","269272","12599","46599","7384","335854"
"2021/10/27","61959","9295","32395","3325","106974"
"2021/10/26","37944","7500","25782","3235","74461"
"2021/10/25","1975","13408","23132","6758","45273"
"2021/10/22","18529","2500","24026","6402","51457"
"2021/10/21","19883","2500","38462","20955","81800"
"2021/10/20","49338","7500","27956","24782","109576"
"2021/10/19","260310","15000","53773","8482","337565"
"2021/10/18","15978","5000","102612","2288","125878"
"2021/10/15","8229","2500","40099","5504","56332"
"2021/10/14","15596","10000","66168","11260","103024"
"2021/10/13","10195","10199","54497","1566","76457"
"2021/10/12","243","0","51960","10141","62344"
"2021/10/08","999","0","98534","5220","104753"
"2021/10/07","4073","2503","48205","6006","60787"
"2021/10/06","20050","0","73095","10938","104083"
"2021/10/05","7337","0","125219","6647","139203"
"2021/10/01","1985","16","48532","7029","57562"
"2021/09/30","1276","1400","56168","3502","62346"
"2021/09/29","94790","5219","64294","3711","168014"
"2021/09/28","28090","12500","70967","12172","123729"
"2021/09/27","82595","12500","50348","13662","159105"
"2021/09/24","8893","10000","37827","5975","62695"
"2021/09/23","12608","2500","44538","2697","62343"
"2021/09/17","19641","3885","40973","5670","70169"
"2021/09/16","3800","1119","60603","4895","70417"
"2021/09/15","20195","2822","141831","2221","167069"
"2021/09/14","15315","4678","38072","2645","60710"
"2021/09/13","5480","7500","22895","5000","40875"
"2021/09/10","14964","2500","16355","3053","36872"
"2021/09/09","57183","13148","28159","1298","99788"
"2021/09/08","37137","2500","51491","113561","204689"
"2021/09/07","47623","132","34188","30232","112175"
"2021/09/06","253456","31620","146875","20884","452835"
"2021/09/03","42464","5000","34625","6504","88593"
"2021/09/02","67154","5000","27250","10855","110259"
"2021/09/01","83714","2500","41480","1298","128992"
"2021/08/31","28628","10000","54791","822","94241"
"2021/08/30","57855","5000","17541","12867","93263"
"2021/08/27","37860","82941","63088","1074","184963"
"2021/08/26","43955","17500","16385","13214","91054"
"2021/08/25","44943","20000","46234","6990","118167"
"2021/08/24","65878","2500","39843","5946","114167"
"2021/08/23","63960","61039","28374","1365","154738"
"2021/08/20","52098","57151","80835","14777","204861"
"2021/08/19","82514","64512","85188","20416","252630"
"2021/08/18","40587","0","74247","68","114902"
"2021/08/17","35688","2500","71389","2970","112547"
"2021/08/13","34138","7500","45668","6527","93833"
"2021/08/12","12892","2500","11736","4466","31594"
"2021/08/11","4575","1660","48444","6377","61056"
"2021/08/10","29799","13290","28373","18557","90019"
"2021/08/09","15848","6097","24314","10558","56817"
"2021/08/06","47629","24530","35534","3662","111355"
"2021/08/05","87115","77395","66162","9791","240463"
"2021/08/04","105116","83995","80218","915","270244"
"2021/08/03","40002","2500","21222","3637","67361"
"2021/08/02","58661","2500","29209","1531","91901"
"2021/07/30","58229","0","58959","2796","119984"
"2021/07/29","39469","32463","87063","0","158995"
"2021/07/28","35898","21385","67639","4764","129686"
"2021/07/27","58964","0","47395","4174","110533"
"2021/07/26","36107","0","16185","9136","61428"
"2021/07/23","16776","2550","52593","3719","75638"
"2021/07/22","29294","0","26867","1000","57161"
"2021/07/21","16847","0","10303","2833","29983"
"2021/07/20","17256","0","44934","508","62698"
"2021/07/19","52632","5000","20570","2409","80611"
"2021/07/16","17105","2590","22825","526","43046"
"2021/07/15","34648","7500","89045","18981","150174"
"2021/07/14","20280","10000","39764","10011","80055"
"2021/07/13","5107","5060","27957","2600","40724"
"2021/07/12","8811","14940","31148","2203","57102"
"2021/07/09","23657","42","63273","9585","96557"
"2021/07/08","35312","10039","68266","7162","120779"
"2021/07/07","22302","12840","41728","5890","82760"
"2021/07/06","11258","5000","47939","3850","68047"
"2021/07/05","38141","7500","23098","16561","85300"
"2021/07/02","32036","17500","48088","636","98260"
"2021/07/01","16427","5000","53785","2357","77569"
"2021/06/30","29602","28887","30600","1351","90440"
"2021/06/29","24833","7538","56770","7984","97125"
"2021/06/28","52126","7500","25376","13717","98719"
"2021/06/25","46298","3031","23071","6955","79355"
"2021/06/24","41272","4777","17853","19255","83157"
"2021/06/23","56155","64980","71334","8877","201346"
"2021/06/22","5126","2550","34409","1150","43235"
"2021/06/21","17121","28595","55953","3766","105435"
"2021/06/18","14004","7750","95864","10480","128098"
"2021/06/17","15721","17531","38088","1410","72750"
"2021/06/16","62801","10694","72618","4606","150719"
"2021/06/15","70811","66919","80706","9501","227937"
"2021/06/14","117058","51621","32679","3488","204846"
"2021/06/11","179516","13716","16424","14525","224181"
"2021/06/10","19806","0","24072","12046","55924"
"2021/06/09","44925","40000","89729","9536","184190"
"2021/06/08","40540",,"46625","1402","88567"
"2021/06/07","29920","13328","60879","29143","133270"
"2021/06/04","38753","0","55556","20230","114539"
"2021/06/03","73857","57446","95111","33345","259759"
"2021/06/02","48408","85000","153832","18690","305930"
"2021/06/01","67256","225000","171977","5084","469317"
"2021/05/31","50922","155000","156753","11085","373760"
"2021/05/28","77244","1915","146656","15263","241078"
"2021/05/27","67547","0","235405","5283","308235"
"2021/05/26","59013","0","58899","9001","126913"
"2021/05/25","82166","40","80666","2166","165038"
"2021/05/24","39048","0","124963","19148","183159"
"2021/05/21","72255","0","174509","2196","248960"
"2021/05/20","11363","9710","155911","9743","186727"
"2021/05/18","46046","0","86649","1106","133801"
"2021/05/17","13758","1013","83732","6078","104581"
"2021/05/14","38861","6961","137830","11362","195014"
"2021/05/13","92594","0","167543","28674","288811"
"2021/05/12","25698","30397","184501","35375","275971"
"2021/05/11","39791","89276","156895","14261","300223"
"2021/05/10","163270","400","163794","7406","334870"
"2021/05/07","124769","4144","65861","21265","216039"
"2021/05/06","167904","21149","100005","17153","306211"
"2021/05/04","43854","2500","141641","5948","193943"
"2021/05/03","86147","500","139302","9797","235746"
"2021/04/30","48792","1000","91050","24941","165783"
"2021/04/29","65217","11500","72954","25797","175468"
"2021/04/28","35382","44438","62434","8435","150689"
"2021/04/27","87009","500","49979","8994","146482"
"2021/04/26","33543","4200","59499","52992","150234"
"2021/04/23","51103","7669","100436","12139","171347"
"2021/04/22","97848","8300","125947","46907","279002"
"2021/04/21","109883","12000","100541","28991","251415"
"2021/04/20","74468","32737","149597","17220","274022"
"2021/04/19","35441","15000","108353","11234","170028"
"2021/04/16","102301","129","101473","3735","207638"
"2021/04/15","25566","20409","97326","2024","145325"
"2021/04/14","48358","11500","39866","1813","101537"
"2021/04/13","42617","0","38003","2652","83272"
"2021/04/12","50661","29835","27383","260","108139"
"2021/04/09","25396","54832","30624","11449","122301"
"2021/04/08","9408","75225","89793","25620","200046"
"2021/04/07","28628","15576","120550","26654","191408"
"2021/04/06","58933","40757","94756","11564","206010"
"2021/04/05","32848","33526","142321","15649","224344"
"2021/04/02","29480","38209","120642","11867","200198"
"2021/04/01","51571","65722","200641","10130","328064"
"2021/03/31","57455","0","256108","6691","320254"
"2021/03/30","25551","30000","91570","16541","163662"
"2021/03/29","48183","26518","108044","17337","200082"
"2021/03/26","180154","1277","157153","4949","343533"
"2021/03/25","249184","0","41052","29418","319654"
"2021/03/24","64365","0","36851","19891","121107"
"2021/03/23","62071","4600","75248","16534","158453"
"2021/03/22","214838","8000","171083","10241","404162"
"2021/03/19","146344","1000","93978","175645","416967"
"2021/03/18","13786","4000","96414","40301","154501"
"2021/03/17","78810","2050","111614","11795","204269"
"2021/03/16","54028","24900","98029","20403","197360"
"2021/03/15","47576","5000","45520","4582","102678"
"2021/03/12","19476","34500","42287","18668","114931"
"2021/03/11","17760","0","16848","9434","44042"
"2021/03/10","23015","0","23031","2974","49020"
"2021/03/09","38271","6427","23030","10287","78015"
"2021/03/08","64867","34709","35689","8678","143943"
"2021/03/05","56466","0","11485","12693","80644"
"2021/03/04","21070","0","17008","11086","49164"
"2021/03/03","5292","0","10028","16997","32317"
"2021/03/02","10911","0","30060","12783","53754"
"2021/02/26","42237","6000","66458","6149","120844"
"2021/02/25","36061","4500","50546","4913","96020"
"2021/02/24","26639","0","37409","5686","69734"
"2021/02/23","30589","27714","36737","13088","108128"
"2021/02/22","57300","2000","55595","1044","115939"
"2021/02/19","28805","0","34249","28","63082"
"2021/02/18","36592","2827","14183","32","53634"
"2021/02/17","51563","0","55003","5381","111947"
"2021/02/16","51671","2500","34806","452","89429"
"2021/02/15","23885","33100","43658","331","100974"
"2021/02/10","26127","0","22629","1044","49800"
"2021/02/09","23981","48688","32714","709","106092"
"2021/02/08","16527","66304","17125","4685","104641"
"2021/02/05","18897","23208","22504","2085","66694"
"2021/02/04","26862","8132","28750","439","64183"
"2021/02/03","46862","0","17739","3109","67710"
"2021/02/02","84226","9622","23506","1483","118837"
"2021/02/01","43404","2682","13494","11351","70931"
"2021/01/29","28866","0","58489","1401","88756"
"2021/01/28","16797","7108","32161","7330","63396"
"2021/01/27","50842","12000","32140","3640","98622"
"2021/01/26","1380","0","129212","1162","131754"
"2021/01/25","47747","10664","13236","3187","74834"
"2021/01/22","118692","2500","26737","27701","175630"
"2021/01/21","51366","5000","72113","2846","131325"
"2021/01/20","38678","0","76102","1245","116025"
"2021/01/19","117158","0","16039","1888","135085"
"2021/01/18","104532","0","19627","1009","125168"
"2021/01/15","72243","0","32332","9944","114519"
"2021/01/14","42565","0","30165","2156","74886"
"2021/01/13","34106","100000","56314","13031","203451"
"2021/01/12","57175","11000","34691","297","103163"
"2021/01/11","49786","68499","81926","978","201189"
"2021/01/08","67655","23500","62770","1914","155839"
"2021/01/07","141173","0","38611","23665","203449"
"2021/01/06","157064","8500","50442","21370","237376"
"2021/01/05","175567","0","47708","11829","235104"
"2021/01/04","139997","3000","136048","20041","299086"
"2020/12/30","69474","0","32387","21797","123658"
"2020/12/29","17030","7500","24634","13450","62614"
"2020/12/28","103953","0","60527","22748","187228"
"2020/12/24","85199","40001","90578","12236","228014"
"2020/12/23","83881","791","23187","12557","120416"
"2020/12/22","56702","10","34605","6100","97417"
"2020/12/21","75129","7194","85693","16676","184692"
"2020/12/18","204079","2000","8568","15664","230311"
"2020/12/17","50937","0","9845","5814","66596"
"2020/12/16","21990","0","20332","563","42885"
"2020/12/15","124040","17500","29623","3530","174693"
"2020/12/14","123172","11000","80553","7908","222633"
"2020/12/11","377256","40104","226340","23427","667127"
"2020/12/10","133020","10000","91781","4131","238932"
"2020/12/09","18854","15000","24049","5302","63205"
"2020/12/08","29403","173","29308","2023","60907"
"2020/12/07","72088","16391","86897","2205","177581"
"2020/12/04","23598","3000","45803","1079","73480"
"2020/12/03","37449","7303","16993","5389","67134"
"2020/12/02","25633","2106","51300","466","79505"
"2020/12/01","263504","0","27708","4659","295871"
"2020/11/30","32103","11839","56315","487","100744"
"2020/11/27","89761","12000","262086","11510","375357"
"2020/11/26","340429","0","57527","28509","426465"
"2020/11/25","273209","0","50271","8345","331825"
"2020/11/24","215733","0","25512","19578","260823"
"2020/11/23","177424","0","74385","7375","259184"
"2020/11/20","32679","0","28328","10917","71924"
"2020/11/19","135564","3763","48019","2075","189421"
"2020/11/18","102122","0","8812","5253","116187"
"2020/11/17","54972","0","16625","0","71597"
"2020/11/16","87998","0","25674","5268","118940"
"2020/11/13","79984","0","12398","4587","96969"
"2020/11/12","120295","0","10104","1238","131637"
"2020/11/11","163300","0","17531","15088","195919"
"2020/11/10","119497","0","11166","13430","144093"
"2020/11/09","22681","0","33941","2629","59251"
"2020/11/06","93909","0","19076","3138","116123"
"2020/11/05","46130","0","17037","5520","68687"
"2020/11/04","88835","0","11403","425","100663"
"2020/11/03","79387","0","38618","0","118005"
"2020/11/02","128088","0","24480","5220","157788"
"2020/10/30","66000","0","23584","813","90397"
"2020/10/29","79412","0","27802","760","107974"
"2020/10/28","88501","0","15648","8994","113143"
"2020/10/27","107529","0","36456","12484","156469"
"2020/10/26","167138","0","50899","22070","240107"
"2020/10/23","268540","0","40157","8598","317295"
"2020/10/22","268980","0","27080","0","296060"
"2020/10/21","218996","0","5491","4503","228990"
"2020/10/20","74289","0","32175","15516","121980"
"2020/10/19","167963","0","39914","1834","209711"
"2020/10/16","50247","120","41066","0","91433"
"2020/10/15","26596","3864","23434","6913","60807"
"2020/10/14","91624","27836","47491","6151","173102"
"2020/10/13","48456","0","34211","50","82717"
"2020/10/12","57512","0","55254","7575","120341"
"2020/10/08","133029","0","53256","0","186285"
"2020/10/07","56511","0","18124","6928","81563"
"2020/10/06","78122","100","21755","2108","102085"
"2020/10/05","137786","0","37660","8404","183850"
"2020/09/29","20850","17638","26600","2990","68078"
"2020/09/28","78360","0","50330","3217","131907"
"2020/09/25","69670","0","47882","8719","126271"
"2020/09/24","63886","0","71629","100","135615"
"2020/09/23","29339","0","38542","5282","73163"
"2020/09/22","21606","0","72898","5291","99795"
"2020/09/21","67358","27398","108268","9715","212739"
"2020/09/18","86343","10553","45602","2140","144638"
"2020/09/17","113125","0","59466","12755","185346"
"2020/09/16","99708","0","66017","0","165725"
"2020/09/15","79042","0","45565","0","124607"
"2020/09/14","65905","0","57746","2408","126059"
"2020/09/11","125156","0","67672","10596","203424"
"2020/09/10","53533","0","71721","0","125254"
"2020/09/09","13375","0","116703","1455","131533"
"2020/09/08","75248","0","84801","2840","162889"
"2020/09/07","151348","0","151180","0","302528"
"2020/09/04","157029","50","142568","4213","303860"
"2020/09/03","271938","0","141049","17302","430289"
"2020/09/02","69643","0","157861","54484","281988"
"2020/09/01","188792","0","246251","91646","526689"
"2020/08/31","1745422","1000","842190","292541","2881153"