일자,기관 합계,기타법인,개인,외국인 합계,전체
"2023/05/04","31122","7348","61360","14819","114649"
"2023/05/03","17219","2133","14728","732","34812"
"2023/05/02","8142","2468","15504","2708","28822"
"2023/04/28","11120","5192","27082","1291","44685"
"2023/04/27","11720","3323","18689","0","33732"
"2023/04/26","8683","3484","25129","1482","38778"
"2023/04/25","6053","8599","29913","1026","45591"
"2023/04/24","14534","8650","46395","17700","87279"
"2023/04/21","23805","373","53750","22091","100019"
"2023/04/20","13960","413","23789","6618","44780"
"2023/04/19","38829","4835","90769","40976","175409"
"2023/04/18","25786","2510","47854","16964","93114"
"2023/04/17","38104","2808","35311","10608","86831"
"2023/04/14","22060","2314","69040","43814","137228"
"2023/04/13","53498","507","38055","34183","126243"
"2023/04/12","57094","8482","48523","69455","183554"
"2023/04/11","18268","10078","68397","38433","135176"
"2023/04/10","35447","377","99867","22975","158666"
"2023/04/07","17896","5230","113746","18320","155192"
"2023/04/06","38968","868","76745","27129","143710"
"2023/04/05","53610","4415","82392","27994","168411"
"2023/04/04","7225","904","10352","153","18634"
"2023/04/03","8722","569","20938","7271","37500"
"2023/03/31","12249","0","25600","13666","51515"
"2023/03/30","11190","60","17630","14067","42947"
"2023/03/29","20189","0","33605","1773","55567"
"2023/03/28","35682","167","32650","38275","106774"
"2023/03/27","12463","431","99095","2902","114891"
"2023/03/24","12392","0","28930","189","41511"
"2023/03/23","15021","100","26110","1","41232"
"2023/03/22","5201","40","14032","116","19389"
"2023/03/21","7959","133","9964","2483","20539"
"2023/03/20","10637","1633","13765","814","26849"
"2023/03/17","4715","0","11629","3876","20220"
"2023/03/16","18587","600","21408","2601","43196"
"2023/03/15","22183","272","114228","6548","143231"
"2023/03/14","17576","6000","24801","69","48446"
"2023/03/13","18599","0","10317","52","28968"
"2023/03/10","14837","0","3557","813","19207"
"2023/03/09","11467","1","5287","6748","23503"
"2023/03/08","12344","250","14967","61","27622"
"2023/03/07","12868","0","7528","1613","22009"
"2023/03/06","15533","1864","22653","59","40109"
"2023/03/03","14729","2199","29543","46","46517"
"2023/03/02","15784","2160","15773","3031","36748"
"2023/02/28","17366","25","9854","121","27366"
"2023/02/27","9600","163","27348","1788","38899"
"2023/02/24","12933","0","17858","2207","32998"
"2023/02/23","6579","2020","10421","253","19273"
"2023/02/22","2299","2000","13528","168","17995"
"2023/02/21","3969","0","13695","1863","19527"
"2023/02/20","1079","994","13654","2777","18504"
"2023/02/17","2971",,"10063","439","13473"
"2023/02/16","2573","0","10265","1691","14529"
"2023/02/15","5667","0","29378","151","35196"
"2023/02/14","8434","373","23973","2341","35121"
"2023/02/13","18555","1956","9928","289","30728"
"2023/02/10","16573","394","23997","308","41272"
"2023/02/09","6623","69","14753","874","22319"
"2023/02/08","26967","1822","47713","7636","84138"
"2023/02/07","33583","370","13197","3462","50612"
"2023/02/06","8918","50","19327","1927","30222"
"2023/02/03","116865","113","17322","2429","136729"
"2023/02/02","28727","0","16933","13823","59483"
"2023/02/01","17189","206","41164","4803","63362"
"2023/01/31","37051","248","21436","7684","66419"
"2023/01/30","23994","415","31995","5940","62344"
"2023/01/27","32271","297","11582","127","44277"
"2023/01/26","26064","216","14784","1517","42581"
"2023/01/25","34943","157","21554","1241","57895"
"2023/01/20","27135","2812","10314","3055","43316"
"2023/01/19","16142","194","38072","2915","57323"
"2023/01/18","17238","1127","14769","1538","34672"
"2023/01/17","14085","2180","13609","1701","31575"
"2023/01/16","38945","210","8612","1313","49080"
"2023/01/13","28862","2209","8945","5161","45177"
"2023/01/12","25823","0","3416","55","29294"
"2023/01/11","27369",,"5296","480","33145"
"2023/01/10","16073",,"8943","2059","27075"
"2023/01/09","20264",,"13677","18","33959"
"2023/01/06","49313","0","7501","6480","63294"
"2023/01/05","58269","50","10827","11267","80413"
"2023/01/04","19679","1150","8562","7689","37080"
"2023/01/03","14584","1158","5996","1705","23443"
"2023/01/02","11080","0","25092","1191","37363"
"2022/12/29","8989","0","12320","263","21572"
"2022/12/28","10392","0","6651","270","17313"
"2022/12/27","13750","0","12657","8","26415"
"2022/12/26","10727","0","15536","462","26725"
"2022/12/23","12751","0","13429","1","26181"
"2022/12/22","7871","205","6922","424","15422"
"2022/12/21","13674","76","1775","2557","18082"
"2022/12/20","27828","57","21612","9543","59040"
"2022/12/19","17200","71","15686","2005","34962"
"2022/12/16","18887","500","26166","5166","50719"
"2022/12/15","25271","1002","30357","2910","59540"
"2022/12/14","30181","69","13822","2222","46294"
"2022/12/13","15128","3","10239","212","25582"
"2022/12/12","9280","229","20193","460","30162"
"2022/12/09","4143","6","36983","105","41237"
"2022/12/08","15055","200","10742","109","26106"
"2022/12/07","7117","500","23971","46","31634"
"2022/12/06","8779","1","23204","410","32394"
"2022/12/05","3319","1290","21877","1391","27877"
"2022/12/02","12815","1903","29547","2065","46330"
"2022/12/01","12329","1286","50555","2647","66817"
"2022/11/30","12912","1085","24296","9376","47669"
"2022/11/29","7033","1215","8198","5","16451"
"2022/11/28","31134","417","6874","674","39099"
"2022/11/25","30122","217","9370","4805","44514"
"2022/11/24","23769","220","2973","1960","28922"
"2022/11/23","11017","5","5890","1","16913"
"2022/11/22","10037","0","5076","373","15486"
"2022/11/21","12048","4500","6130","415","23093"
"2022/11/18","16562","3214","9506","237","29519"
"2022/11/17","2319","9993","11107","660","24079"
"2022/11/16","12245","4690","9483","1858","28276"
"2022/11/15","8634","8605","15730","376","33345"
"2022/11/14","9493","1150","17278","2549","30470"
"2022/11/11","130446","4455","46846","76573","258320"
"2022/11/10","8641","1357","24726","7292","42016"
"2022/11/09","14562","610","11151","5887","32210"
"2022/11/08","6258","22647","43834","4034","76773"
"2022/11/07","9101","9431","68177","18716","105425"
"2022/11/04","5406",,"5792","68","11266"
"2022/11/03","1292","73","7569","8","8942"
"2022/11/02","8271","400","18530","71","27272"
"2022/11/01","10088","1","22513","1912","34514"
"2022/10/31","10444","1680","17802","1819","31745"
"2022/10/28","5342","72","20625","1518","27557"
"2022/10/27","6449",,"25000","7080","38529"
"2022/10/26","6661","983","10400","1448","19492"
"2022/10/25","23526","75","19910","2972","46483"
"2022/10/24","28039","1230","10752","550","40571"
"2022/10/21","45239","0","23649","8638","77526"
"2022/10/20","43170","6105","23059","2115","74449"
"2022/10/19","56683","3900","19856","24316","104755"
"2022/10/18","126696","2076","53741","36024","218537"
"2022/10/17","48579","0","43969","18175","110723"
"2022/10/14","32472","2297","58797","16477","110043"
"2022/10/13","28772","4000","102100","11404","146276"
"2022/10/12","20931","1800","72407","20114","115252"
"2022/10/11","8765","13516","17334","4349","43964"
"2022/10/07","12226","800","45216","4314","62556"
"2022/10/06","11277","2690","43068","3368","60403"
"2022/10/05","14352","750","35052","6452","56606"
"2022/10/04","10684","1","64186","1530","76401"
"2022/09/30","22796","1500","64396","26","88718"
"2022/09/29","13874","2500","37014","5479","58867"
"2022/09/28","93315","26479","233315","26843","379952"
"2022/09/27","4805","3900","48965","2195","59865"
"2022/09/26","7983","10811","39115","1240","59149"
"2022/09/23","4195","20400","53208","731","78534"
"2022/09/22","1593","200","20710","212","22715"
"2022/09/21","10104","759","22232","69","33164"
"2022/09/20","11328","3202","25006","3","39539"
"2022/09/19","58680","3520","18150","3735","84085"
"2022/09/16","9433","673","37955","3516","51577"
"2022/09/15","6956","0","5451","134","12541"
"2022/09/14","13071","100","9925","3253","26349"
"2022/09/13","6631","100","10014","1038","17783"
"2022/09/08","6123","0","11675","2337","20135"
"2022/09/07","6889","1540","14113","621","23163"
"2022/09/06","3174","0","6942","20","10136"
"2022/09/05","3521","2010","21244","271","27046"
"2022/09/02","1829","0","11883","53","13765"
"2022/09/01","4286","4050","14879","188","23403"
"2022/08/31","968","1000","14126","189","16283"
"2022/08/30","10967","0","7559","562","19088"
"2022/08/29","10767","8900","23849","767","44283"
"2022/08/26","30237","5000","32659","1593","69489"
"2022/08/25","12329","6000","17389","72","35790"
"2022/08/24","8510","0","9776","315","18601"
"2022/08/23","6387","0","17383","7","23777"
"2022/08/22","23462","100","8467","309","32338"
"2022/08/19","17659","0","25243","26","42928"
"2022/08/18","10044","200","12519","0","22763"
"2022/08/17","11432","1","7873","45","19351"
"2022/08/16","21160",,"18824","14810","54794"
"2022/08/12","10917","185","23523","449","35074"
"2022/08/11","34576","0","17017","10523","62116"
"2022/08/10","4353","100","8937","1257","14647"
"2022/08/09","2518","287","10065","22","12892"
"2022/08/08","1366","0","11623","40","13029"
"2022/08/05","9292",,"24011","887","34190"
"2022/08/04","9071","1388","20280","10","30749"
"2022/08/03","14260","0","27758","3204","45222"
"2022/08/02","16597",,"41836","581","59014"
"2022/08/01","26156","4500","18306","19185","68147"
"2022/07/29","13235","0","13334","5383","31952"
"2022/07/28","6851","200","32750","536","40337"
"2022/07/27","8339","0","15474","1526","25339"
"2022/07/26","4431","192","6738","1","11362"
"2022/07/25","9761","8","12934","10","22713"
"2022/07/22","15187","300","8559","542","24588"
"2022/07/21","51326","0","12581","0","63907"
"2022/07/20","25889","194","35308","1051","62442"
"2022/07/19","20489","1136","7449","1126","30200"
"2022/07/18","21774","0","11782","6294","39850"
"2022/07/15","16973","4427","11703","20303","53406"
"2022/07/14","9068","4687","17236","281","31272"
"2022/07/13","10789","100","27885","375","39149"
"2022/07/12","5504","3100","31331","1545","41480"
"2022/07/11","14597","1531","27132","763","44023"
"2022/07/08","9523","100","24305","1807","35735"
"2022/07/07","36813",,"23574","9220","69607"
"2022/07/06","27842","0","6720","760","35322"
"2022/07/05","32397","2930","13327","14425","63079"
"2022/07/04","39595","200","44324","7962","92081"
"2022/07/01","52334","32662","111327","35418","231741"
"2022/06/30","19508","3330","19526","251","42615"
"2022/06/29","11865","10220","10733","797","33615"
"2022/06/28","81074","24731","57040","13516","176361"
"2022/06/27","46654","65253","40255","15521","167683"
"2022/06/24","52073","29700","19433","5232","106438"
"2022/06/23","34132","18233","39416","36080","127861"
"2022/06/22","27764","34031","73789","13528","149112"
"2022/06/21","17399","24290","34981","16113","92783"
"2022/06/20","102172","11759","99750","29228","242909"
"2022/06/17","35375","21096","25265","2187","83923"
"2022/06/16","8084","25500","46183","3896","83663"
"2022/06/15","38190","23198","34707","11593","107688"
"2022/06/14","30587","43304","48545","10626","133062"
"2022/06/13","52269","35555","89683","10144","187651"
"2022/06/10","19481","13985","61912","197","95575"
"2022/06/09","996","9000","10304","0","20300"
"2022/06/08","16689","15140","7547","293","39669"
"2022/06/07","3964","20117","31655","10","55746"
"2022/06/03","27825","12000","20498","21","60344"
"2022/06/02","29820","0","29773","80","59673"
"2022/05/31","20765","0","38416","8464","67645"
"2022/05/30","34563","3322","52081","3623","93589"
"2022/05/27","113191","0","39187","3849","156227"
"2022/05/26","64874","0","49801","945","115620"
"2022/05/25","73750","5826","39140","42569","161285"
"2022/05/24","32416","0","17901","9927","60244"
"2022/05/23","24341","0","22616","182","47139"
"2022/05/20","24641","13000","27940","140","65721"
"2022/05/19","7317","2000","19034","168","28519"
"2022/05/18","37606","1504","70926","1679","111715"
"2022/05/17","83306","2327","48161","4656","138450"
"2022/05/16","31516","1623","24949","140","58228"
"2022/05/13","43427","1000","27529","6803","78759"
"2022/05/12","58159","0","53995","22612","134766"
"2022/05/11","29720","20","20256","0","49996"
"2022/05/10","55615","18028","53132","12708","139483"
"2022/05/09","50206","9246","31233","3785","94470"
"2022/05/06","22222","21166","76255","21663","141306"
"2022/05/04","43139","21308","114651","9336","188434"
"2022/05/03","144907","1000","219358","37237","402502"
"2022/05/02","71990","27656","72105","5710","177461"
"2022/04/29","104097","5483","112941","9115","231636"
"2022/04/28","154005","10623","283550","22184","470362"
"2022/04/27","85111","0","144859","14350","244320"
"2022/04/26","28506","10","207311","8843","244670"
"2022/04/25","64194","0","157456","2272","223922"
"2022/04/22","69049","0","87260","33473","189782"
"2022/04/21","48401","16857","47374","11090","123722"
"2022/04/20","33100","0","24206","796","58102"
"2022/04/19","59570","0","79708","686","139964"
"2022/04/18","102196","0","126754","3395","232345"
"2022/04/15","51695","6039","133699","25130","216563"
"2022/04/14","37975","0","110118","10890","158983"
"2022/04/13","70743","0","27646","5792","104181"
"2022/04/12","41355","26240","160089","8941","236625"
"2022/04/11","40188","798","93416","5156","139558"
"2022/04/08","77766","114210","121683","20130","333789"
"2022/04/07","74398","16989","245571","20480","357438"
"2022/04/06","530579","385","280916","28344","840224"
"2022/04/05","496370","154760","290929","76613","1018672"
"2022/04/04","130924","88010","422285","34739","675958"
"2022/04/01","91831","90860","518319","70061","771071"
"2022/03/31","107490","26187","397676","33944","565297"
"2022/03/30","69722","121629","400818","37450","629619"
"2022/03/29","93708","122657","477480","49","693894"
"2022/03/28","1113838","1598491","6368518","6036","9086883"