일자,기관 합계,기타법인,개인,외국인 합계,전체
"2023/05/04","59862","0","27108","103807","190777"
"2023/05/03","23161","237","22326","9674","55398"
"2023/05/02","12659","0","16719","25628","55006"
"2023/04/28","8652","0","33677","10992","53321"
"2023/04/27","41707","0","48347","7609","97663"
"2023/04/26","28287","2040","18922","23147","72396"
"2023/04/25","46889","7525","81982","38713","175109"
"2023/04/24","35780","0","85375","71686","192841"
"2023/04/21","66521","106","129117","23400","219144"
"2023/04/20","44552","100","101237","83395","229284"
"2023/04/19","36812","5200","50353","31140","123505"
"2023/04/18","29074","4000","38728","117527","189329"
"2023/04/17","40338","700","50949","49956","141943"
"2023/04/14","84432","100","64863","97576","246971"
"2023/04/13","16474","586","69408","23365","109833"
"2023/04/12","31732","5004","42782","28869","108387"
"2023/04/11","32866","122","28400","37475","98863"
"2023/04/10","23437","1621","60630","22586","108274"
"2023/04/07","14820","7","35737","14209","64773"
"2023/04/06","65613","0","47143","67047","179803"
"2023/04/05","44966","4","69720","10362","125052"
"2023/04/04","24556","1988","70334","67590","164468"
"2023/04/03","19472","100","86005","31996","137573"
"2023/03/31","29973","300","55644","38418","124335"
"2023/03/30","10836","111","45736","783","57466"
"2023/03/29","20453","0","31108","23471","75032"
"2023/03/28","68989","11564","25562","70888","177003"
"2023/03/27","104028","0","27161","43141","174330"
"2023/03/24","12191","1002","47808","4460","65461"
"2023/03/23","16243","5511","45997","4220","71971"
"2023/03/22","41331","47","34293","17241","92912"
"2023/03/21","16612","9097","39081","15794","80584"
"2023/03/20","23502","6600","85648","460","116210"
"2023/03/17","16251","300","60728","76808","154087"
"2023/03/16","6890","1000","41303","19419","68612"
"2023/03/15","34951","6300","53913","5113","100277"
"2023/03/14","13739","3050","75317","19826","111932"
"2023/03/13","11470","3222","52092","23082","89866"
"2023/03/10","18736","0","47704","15623","82063"
"2023/03/09","10117","5000","24730","102","39949"
"2023/03/08","28954","0","42973","238","72165"
"2023/03/07","37907","6","39452","3549","80914"
"2023/03/06","26518","101","28520","966","56105"
"2023/03/03","9397","5284","20037","11495","46213"
"2023/03/02","23747","5204","28067","2622","59640"
"2023/02/28","22403","501","13988","22761","59653"
"2023/02/27","19974","193","55667","3066","78900"
"2023/02/24","47222","50","33286","76207","156765"
"2023/02/23","12103","10445","36178","33765","92491"
"2023/02/22","11941","10345","53241","8016","83543"
"2023/02/21","16777","32","65154","12166","94129"
"2023/02/20","7701","100","43166","2302","53269"
"2023/02/17","3481","0","45282","8723","57486"
"2023/02/16","9060","31","49692","35739","94522"
"2023/02/15","17498","4008","39232","4849","65587"
"2023/02/14","11636","231","58573","2317","72757"
"2023/02/13","14754","1090","59815","4695","80354"
"2023/02/10","26508","0","56542","23357","106407"
"2023/02/09","19556","500","34504","14605","69165"
"2023/02/08","49093","0","57829","9949","116871"
"2023/02/07","39021","35102","30145","13260","117528"
"2023/02/06","38687","2","21868","54733","115290"
"2023/02/03","85429","14936","70823","83296","254484"
"2023/02/02","51997","291","33657","57811","143756"
"2023/02/01","15405","24","55875","6409","77713"
"2023/01/31","36976","737","150834","7648","196195"
"2023/01/30","22283","63","77341","11438","111125"
"2023/01/27","24070","316","39933","13771","78090"
"2023/01/26","37972","0","32772","34572","105316"
"2023/01/25","32583","40","42855","48374","123852"
"2023/01/20","60899","0","31888","30623","123410"
"2023/01/19","69778","4041","18868","11570","104257"
"2023/01/18","30511","6","60473","21100","112090"
"2023/01/17","70217","0","27549","8044","105810"
"2023/01/16","64694","0","40274","20094","125062"
"2023/01/13","26163","0","25281","27429","78873"
"2023/01/12","21313","50","19028","26109","66500"
"2023/01/11","29278","0","38985","3235","71498"
"2023/01/10","31001","0","25894","33413","90308"
"2023/01/09","67736","136","40542","89542","197956"
"2023/01/06","73710","0","11875","57136","142721"
"2023/01/05","20814","0","24194","176396","221404"
"2023/01/04","19567","50","41279","69571","130467"
"2023/01/03","38593","15","22221","73031","133860"
"2023/01/02","69567","102","44163","17736","131568"
"2022/12/29","80104","0","20038","216698","316840"
"2022/12/28","43347","629","24938","60085","128999"
"2022/12/27","67684","163","45515","30330","143692"
"2022/12/26","31758","0","39003","63754","134515"
"2022/12/23","138655","50","34995","115953","289653"
"2022/12/22","107598","0","32964","238004","378566"
"2022/12/21","91268","0","29007","108599","228874"
"2022/12/20","49181","101","17610","150767","217659"
"2022/12/19","45738","200","52950","170439","269327"
"2022/12/16","87344","200","191360","4522334","4801238"
"2022/12/15","83852","0","19147","452537","555536"
"2022/12/14","91117","0","22346","350274","463737"
"2022/12/13","16662","0","29443","123126","169231"
"2022/12/12","61636","100","48225","155540","265501"
"2022/12/09","32238","10","52571","296777","381596"
"2022/12/08","48745","759","73670","412131","535305"
"2022/12/07","59316","0","33429","278846","371591"
"2022/12/06","91059","50","166515","512034","769658"
"2022/12/05","53903","425","302020","1224240","1580588"
"2022/12/02","48456","1519","90214","4167","144356"
"2022/12/01","138038","35211","75343","34867","283459"
"2022/11/30","73116","1591","78167","74754","227628"
"2022/11/29","36137","220","40201","12537","89095"
"2022/11/28","25399","483","70747","18450","115079"
"2022/11/25","48345","355","87972","54383","191055"
"2022/11/24","46698","3417","101972","16815","168902"
"2022/11/23","25332","400","63528","6418","95678"
"2022/11/22","21784","216","63787","7463","93250"
"2022/11/21","32490","105","75322","7628","115545"
"2022/11/18","32645","325","66540","8071","107581"
"2022/11/17","33602","7242","39846","25733","106423"
"2022/11/16","34742","473","65647","13600","114462"
"2022/11/15","39715","1217","110725","6801","158458"
"2022/11/14","84763","2337","102630","9127","198857"
"2022/11/11","159107","202","111727","162659","433695"
"2022/11/10","66194","6200","60770","44646","177810"
"2022/11/09","32966","0","111857","6910","151733"
"2022/11/08","86189","8094","92046","31822","218151"
"2022/11/07","61884","57843","69048","30280","219055"
"2022/11/04","75549","3320","77186","13497","169552"
"2022/11/03","68710","100","67425","9004","145239"
"2022/11/02","76201","300","53919","8457","138877"
"2022/11/01","70837","847","54632","56179","182495"
"2022/10/31","46482","42420","60227","9940","159069"
"2022/10/28","44885","76677","30368","13095","165025"
"2022/10/27","65546","1004","59669","15727","141946"
"2022/10/26","49201","2467","49140","14034","114842"
"2022/10/25","68503","37","51611","7246","127397"
"2022/10/24","61616","4","48734","3387","113741"
"2022/10/21","113939","7260","72293","16255","209747"
"2022/10/20","93273","3707","191587","22933","311500"
"2022/10/19","199840","200","50732","33403","284175"
"2022/10/18","503310","3458","73935","30744","611447"
"2022/10/17","349077","10217","51855","44715","455864"
"2022/10/14","105524","4146","220947","40812","371429"
"2022/10/13","70411","3763","161744","133982","369900"
"2022/10/12","38121","3708","96234","6522","144585"
"2022/10/11","51176","9487","133751","13785","208199"
"2022/10/07","64156","0","34048","21716","119920"
"2022/10/06","43697","400","122078","36253","202428"
"2022/10/05","44633","6903","89096","57687","198319"
"2022/10/04","53312","212","129172","43111","225807"
"2022/09/30","39039","1101","107583","11644","159367"
"2022/09/29","45519","1003","70729","9420","126671"
"2022/09/28","70042","3252","148231","3546","225071"
"2022/09/27","58615","100","105814","10693","175222"
"2022/09/26","103619","3107","154038","6269","267033"
"2022/09/23","36811","41302","59298","165985","303396"
"2022/09/22","55105","41187","77433","13032","186757"
"2022/09/21","39088","8653","26551","18580","92872"
"2022/09/20","41361","22147","49917","26376","139801"
"2022/09/19","38600","25474","35822","26748","126644"
"2022/09/16","40774","3487","88119","2945977","3078357"
"2022/09/15","50812","0","43242","157230","251284"
"2022/09/14","125458","1382","128733","119811","375384"
"2022/09/13","56872","0","75956","101704","234532"
"2022/09/08","56475","0","74831","147536","278842"
"2022/09/07","39963","5001","85991","165725","296680"
"2022/09/06","84831","28278","168958","190379","472446"
"2022/09/05","39139","5","77473","179114","295731"
"2022/09/02","115588","625","101269","162577","380059"
"2022/09/01","148571","200","93023","111436","353230"
"2022/08/31","19058","1746","134246","121718","276768"
"2022/08/30","48786","10022","99921","86986","245715"
"2022/08/29","112563","29178","377615","201229","720585"
"2022/08/26","375271","8672","269386","434072","1087401"
"2022/08/25","144188","13438","161713","303575","622914"
"2022/08/24","335910","19500","402498","448687","1206595"
"2022/08/23","112912","10569","95995","258386","477862"
"2022/08/22","17788","4051","99937","422834","544610"
"2022/08/19","27033","10001","60871","19167","117072"
"2022/08/18","20744","0","41895","10796","73435"
"2022/08/17","20557","15606","76962","1736","114861"
"2022/08/16","25818","187","90150","28570","144725"
"2022/08/12","59208","150","59253","27942","146553"
"2022/08/11","49615","4370","93907","15713","163605"
"2022/08/10","44228","50","43977","24018","112273"
"2022/08/09","46416","50","65186","18476","130128"
"2022/08/08","21169","330","83379","4506","109384"
"2022/08/05","41587","20900","137174","4792","204453"
"2022/08/04","69809","0","142641","45784","258234"
"2022/08/03","64828","8237","108857","15130","197052"
"2022/08/02","62184","520","150968","25766","239438"
"2022/08/01","116459","12177","210696","6330","345662"
"2022/07/29","59728","450","153153","45534","258865"
"2022/07/28","61117","16835","82571","25143","185666"
"2022/07/27","108441","19410","76359","48009","252219"
"2022/07/26","100895","20526","131255","51799","304475"
"2022/07/25","127428","6120","155556","23220","312324"
"2022/07/22","141800","14411","150411","173350","479972"
"2022/07/21","266978","30973","334473","232414","864838"
"2022/07/20","296097","11094","622485","92127","1021803"
"2022/07/19","139126","5705","96250","66790","307871"
"2022/07/18","110915","4930","79068","40799","235712"
"2022/07/15","65009","5044","84638","34852","189543"
"2022/07/14","63011","1100","70046","12866","147023"
"2022/07/13","175397","5","18890","31530","225822"
"2022/07/12","72026","6438","45036","15435","138935"
"2022/07/11","85411","204","24440","13472","123527"
"2022/07/08","77444","13","45719","16694","139870"
"2022/07/07","109092","0","78187","38993","226272"
"2022/07/06","503388","2000","59953","25865","591206"
"2022/07/05","226137","5230","125280","196752","553399"
"2022/07/04","158708","11100","314536","192217","676561"
"2022/07/01","304303","5873","159095","281359","750630"
"2022/06/30","118381","9409","309649","151207","588646"
"2022/06/29","93478","7914","59991","21547","182930"
"2022/06/28","210250","10751","73869","67797","362667"
"2022/06/27","152005","10291","122486","56989","341771"
"2022/06/24","112263","15709","76340","50320","254632"
"2022/06/23","105516","12773","288302","142212","548803"
"2022/06/22","198039","3587","246014","77708","525348"
"2022/06/21","79726","100","138429","125671","343926"
"2022/06/20","198981","2550","161846","70879","434256"
"2022/06/17","128958","600","54535","10689","194782"
"2022/06/16","44590","20","64623","20536","129769"
"2022/06/15","60362","2313","88402","2008","153085"
"2022/06/14","166269","4685","90106","67023","328083"
"2022/06/13","145549","41","95956","7279","248825"
"2022/06/10","105345","50","95455","1499","202349"
"2022/06/09","39791","3","45230","614","85638"
"2022/06/08","57053","0","96811","10027","163891"
"2022/06/07","79432","40","45274","6052","130798"
"2022/06/03","92820","6642","99889","4097","203448"
"2022/06/02","94831","42","62734","29359","186966"
"2022/05/31","208405","30","183735","372660","764830"
"2022/05/30","215782","0","228424","43600","487806"
"2022/05/27","137206","62","55448","46309","239025"
"2022/05/26","174437","15","63424","37634","275510"
"2022/05/25","122976","4069","44218","70170","241433"
"2022/05/24","99603","5","26207","52196","178011"
"2022/05/23","73764","202","18348","44507","136821"
"2022/05/20","49269","0","37046","93626","179941"
"2022/05/19","32635","0","45070","28360","106065"
"2022/05/18","83808","391","36465","73982","194646"
"2022/05/17","41271","10","40432","74582","156295"
"2022/05/16","64978","0","40046","137455","242479"
"2022/05/13","49776","9","51312","110899","211996"
"2022/05/12","78470","1562","37284","47140","164456"
"2022/05/11","83521","0","42968","29044","155533"
"2022/05/10","239032","3500","229719","93521","565772"
"2022/05/09","41312","65","41937","10529","93843"
"2022/05/06","55408","1","49186","52418","157013"
"2022/05/04","83159","3024","135429","91297","312909"
"2022/05/03","167747","30","104555","61938","334270"
"2022/05/02","179032","1060","74057","37946","292095"
"2022/04/29","173300","3235","100421","32169","309125"
"2022/04/28","257754","1121","320469","60289","639633"
"2022/04/27","182421","9429","261824","53246","506920"
"2022/04/26","183796","0","124230","46487","354513"
"2022/04/25","142672","0","99573","25801","268046"
"2022/04/22","145666","7011","54145","13415","220237"
"2022/04/21","178450","2907","50772","24525","256654"
"2022/04/20","187330","0","51683","23216","262229"
"2022/04/19","209234","18618","75419","34605","337876"
"2022/04/18","345563","1806","168589","74497","590455"
"2022/04/15","232451","0","179302","132247","544000"
"2022/04/14","231512","0","60935","18749","311196"
"2022/04/13","334365","0","143574","31936","509875"
"2022/04/12","203182","5320","156386","93734","458622"
"2022/04/11","227024","0","86325","72231","385580"
"2022/04/08","251712","40","50743","39630","342125"
"2022/04/07","210102","813","86509","43578","341002"
"2022/04/06","250692","1543","80246","20979","353460"
"2022/04/05","207389","1460","109593","37069","355511"
"2022/04/04","163589","1338","106334","28167","299428"
"2022/04/01","156653","2003","27736","7039","193431"
"2022/03/31","161632","2066","88008","35957","287663"
"2022/03/30","154608","1438","123434","3527","283007"
"2022/03/29","165679","2117","123424","28958","320178"
"2022/03/28","136823","5089","89796","5822","237530"
"2022/03/25","83884","12347","133193","3470","232894"
"2022/03/24","136009","5275","66823","7809","215916"
"2022/03/23","103935","5365","112866","7028","229194"
"2022/03/22","158551","90","91674","59166","309481"
"2022/03/21","100250","745","67256","82652","250903"
"2022/03/18","110284","420","142155","501371","754230"
"2022/03/17","141103","474","86544","85491","313612"
"2022/03/16","154241","5460","154228","128323","442252"
"2022/03/15","113883","1076","111423","92875","319257"
"2022/03/14","225711","2058","361929","61392","651090"
"2022/03/11","319245","4452","78033","62165","463895"
"2022/03/10","137620","839","66646","45778","250883"
"2022/03/08","87207","642","140396","61649","289894"
"2022/03/07","64643","2735","84437","47538","199353"
"2022/03/04","81682","1611","50684","28330","162307"
"2022/03/03","148246","60","27787","19072","195165"
"2022/03/02","142736","1050","137890","7267","288943"
"2022/02/28","68837","2022","47108","205","118172"
"2022/02/25","109548","61","54270","10450","174329"
"2022/02/24","64192","558","50516","895","116161"
"2022/02/23","106540","29098","48095","936","184669"
"2022/02/22","37620","84625","43328","1660","167233"
"2022/02/21","51055","38708","42619","3786","136168"
"2022/02/18","40035","2000","67612","3532","113179"
"2022/02/17","60899","5029","60183","5245","131356"
"2022/02/16","80249","1430","46979","542","129200"
"2022/02/15","99201","11","50141","23141","172494"
"2022/02/14","93958","10","33729","7043","134740"
"2022/02/11","61138","10","32245","798","94191"
"2022/02/10","100597","10","47309","90","148006"
"2022/02/09","125115","4010","48617","3071","180813"
"2022/02/08","91773","10","76714","909","169406"
"2022/02/07","103197","11","57353","200","160761"
"2022/02/04","88787","1580","88795","9200","188362"
"2022/02/03","132848","1010","43623","54457","231938"
"2022/01/28","92646","26967","83176","9630","212419"
"2022/01/27","183079","33446","118859","12256","347640"
"2022/01/26","101013","10","27334","15589","143946"
"2022/01/25","113150","45910","55365","7557","221982"
"2022/01/24","73029","31010","71912","731","176682"
"2022/01/21","70757","11010","40235","5642","127644"
"2022/01/20","36917","17800","38133","1298","94148"
"2022/01/19","49567","26010","50497","3136","129210"
"2022/01/18","78938","27482","36256","25026","167702"
"2022/01/17","43069","33000","57118","2341","135528"
"2022/01/14","113058","12064","45224","8338","178684"
"2022/01/13","78144","13460","53640","437","145681"
"2022/01/12","87559","13415","62575","6299","169848"
"2022/01/11","74407","20100","93948","3723","192178"
"2022/01/10","147745","50","100280","4260","252335"
"2022/01/07","141235","0","64956","43272","249463"
"2022/01/06","116619","26542","73362","3539","220062"
"2022/01/05","150221","31692","39967","10865","232745"
"2022/01/04","163939","64539","65798","3695","297971"
"2022/01/03","165263","5","84604","29910","279782"
"2021/12/30","47809","0","37787","5348","90944"
"2021/12/29","66276","500","95014","31603","193393"
"2021/12/28","39366","8053","135776","1995","185190"
"2021/12/27","49680","8468","103347","1405","162900"
"2021/12/24","72173","18003","133849","12185","236210"
"2021/12/23","115106","1649","95876","8580","221211"
"2021/12/22","119154","7562","151562","43080","321358"
"2021/12/21","1509720","4000","325833","130503","1970056"
"2021/12/20","1315733","8000","337947","286179","1947859"
"2021/12/17","211919","16600","120863","10614","359996"
"2021/12/16","186094","8100","63980","33434","291608"
"2021/12/15","149449","16500","99036","12199","277184"
"2021/12/14","247556","12301","475005","50185","785047"
"2021/12/13","121008","2000","102323","4951","230282"
"2021/12/10","61015","10630","171613","43222","286480"
"2021/12/09","68674","26000","138780","2206","235660"
"2021/12/08","44321","35538","121937","11197","212993"
"2021/12/07","55044","15950","91416","4886","167296"
"2021/12/06","63957","48000","116304","16897","245158"
"2021/12/03","71684","48850","328742","18732","468008"
"2021/12/02","73598","38375","352257","44035","508265"
"2021/12/01","52672","10357","140127","17799","220955"
"2021/11/30","142315","40534","249265","33335","465449"
"2021/11/29","211977","14953","172277","40212","439419"
"2021/11/26","88650","30390","233277","19161","371478"
"2021/11/25","63671","2200","132827","2549","201247"
"2021/11/24","146509","6000","106291","11234","270034"
"2021/11/23","93624","3687","129927","7998","235236"
"2021/11/22","68487","10","130507","20645","219649"
"2021/11/19","88261","13000","165623","19697","286581"
"2021/11/18","61041","10100","200430","3342","274913"
"2021/11/17","107098","16053","142970","1952","268073"
"2021/11/16","109934","12100","121096","5264","248394"
"2021/11/15","123587","9000","109266","2577","244430"
"2021/11/12","72065","2500","164459","17825","256849"
"2021/11/11","123328","0","103073","3452","229853"
"2021/11/10","111376","11486","145210","418","268490"
"2021/11/09","136771","3000","127858","6411","274040"
"2021/11/08","65781","8000","196473","17055","287309"
"2021/11/05","70732","24880","158505","2109","256226"
"2021/11/04","95350","22620","389985","20916","528871"
"2021/11/03","202500","12130","545654","19229","779513"
"2021/11/02","161507","15056","313851","2874","493288"
"2021/11/01","272252","15315","359323","371","647261"
"2021/10/29","127059","5365","218509","16362","367295"
"2021/10/28","76470","15254","315917","2755","410396"
"2021/10/27","98863","16670","325391","7947","448871"
"2021/10/26","127079","1700","222276","24388","375443"
"2021/10/25","222201","4920","395053","24878","647052"
"2021/10/22","198036","2282","846466","1382","1048166"
"2021/10/21","147020","1204","775206","10520","933950"
"2021/10/20","152962","1816","1476336","18518","1649632"
"2021/10/19","282772","3600","1082633","119790","1488795"
"2021/10/18","160780","3000","564361","19463","747604"
"2021/10/15","133736","6100","412738","59573","612147"
"2021/10/14","447646","11108","1412652","9290","1880696"
"2021/10/13","300058","4416","614487","49286","968247"
"2021/10/12","197109","70150","572597","34488","874344"
"2021/10/08","230007","68291","550417","14878","863593"
"2021/10/07","230519","29545","321082","36185","617331"
"2021/10/06","149967","48465","576542","71315","846289"
"2021/10/05","397762","42460","720309","70929","1231460"
"2021/10/01","309945","99317","653673","78937","1141872"
"2021/09/30","141767","73553","552809","484","768613"
"2021/09/29","279826","113703","918404","19506","1331439"
"2021/09/28","504297","211748","1204718","31443","1952206"
"2021/09/27","1164020","115317","2181079","34665","3495081"
"2021/09/24","424075","21400","772393","11258","1229126"
"2021/09/23","393221","6831","1042698","30583","1473333"
"2021/09/17","648522","86958","2347596","117502","3200578"
"2021/09/16","811558","199615","2050630","14793","3076596"
"2021/09/15","1141068","512950","8623974","102871","10380863"
"2021/09/14","2285120","455123","78740037","524722","82005002"