일자,기관 합계,기타법인,개인,외국인 합계,전체
"2023/05/04","34147","1005","80394","53748","169294"
"2023/05/03","53691","2028","53698","20465","129882"
"2023/05/02","15776","4022","78994","30391","129183"
"2023/04/28","49793","3000","72997","43139","168929"
"2023/04/27","59458","6715","122436","10315","198924"
"2023/04/26","39443","1204","76917","25966","143530"
"2023/04/25","63062","6490","152511","37120","259183"
"2023/04/24","37801","10419","192624","30756","271600"
"2023/04/21","72955","13315","223913","15597","325780"
"2023/04/20","48829","859","104540","106714","260942"
"2023/04/19","64398","420","125101","9647","199566"
"2023/04/18","45396","7250","82280","146569","281495"
"2023/04/17","54383","3504","190004","25512","273403"
"2023/04/14","43368","7155","94928","105796","251247"
"2023/04/13","20047","788","90619","99742","211196"
"2023/04/12","26625","2","63498","65749","155874"
"2023/04/11","58054","9128","118159","35330","220671"
"2023/04/10","49081","39140","153376","8772","250369"
"2023/04/07","21044","304","89127","8041","118516"
"2023/04/06","45099","8701","130216","11968","195984"
"2023/04/05","52223","6383","167290","24973","250869"
"2023/04/04","45526","300","89928","19980","155734"
"2023/04/03","16845","3260","78498","39115","137718"
"2023/03/31","93718","4186","88505","70650","257059"
"2023/03/30","11963","2435","73296","73903","161597"
"2023/03/29","46896","962","81240","2231","131329"
"2023/03/28","15810","1750","55440","7679","80679"
"2023/03/27","32028","4258","231699","8362","276347"
"2023/03/24","17932","690","92799","5613","117034"
"2023/03/23","31853","1130","129536","8383","170902"
"2023/03/22","35752","79","47153","11657","94641"
"2023/03/21","27710","3","17792","2653","48158"
"2023/03/20","11454","500","35966","16287","64207"
"2023/03/17","69774","2157","209581","11038","292550"
"2023/03/16","14669","2389","78209","11195","106462"
"2023/03/15","34174","1648","21023","4709","61554"
"2023/03/14","25203","1606","125817","5130","157756"
"2023/03/13","15002","7601","78255","30382","131240"
"2023/03/10","27284","3982","65730","19197","116193"
"2023/03/09","15809","4132","35432","21746","77119"
"2023/03/08","24290","6102","27851","43259","101502"
"2023/03/07","31375","2","42284","44191","117852"
"2023/03/06","31641","0","51199","37070","119910"
"2023/03/03","26541","7293","34992","24749","93575"
"2023/03/02","19839","7149","55612","42639","125239"
"2023/02/28","32556","4676","48894","68024","154150"
"2023/02/27","29949","360","42726","84776","157811"
"2023/02/24","71399","2932","61626","65616","201573"
"2023/02/23","20015","6450","88216","11858","126539"
"2023/02/22","22143","13559","145295","54362","235359"
"2023/02/21","28827","817","123530","5553","158727"
"2023/02/20","25123","2805","126171","8268","162367"
"2023/02/17","25446","3105","87323","3607","119481"
"2023/02/16","16758","277","68193","16019","101247"
"2023/02/15","48440","2779","99822","7276","158317"
"2023/02/14","20358","4854","72100","2623","99935"
"2023/02/13","46754","3175","183171","8636","241736"
"2023/02/10","55422","6754","292486","32154","386816"
"2023/02/09","23663","2821","71100","635","98219"
"2023/02/08","31223","4","44193","4483","79903"
"2023/02/07","52846","650","110174","3588","167258"
"2023/02/06","79359","874","88411","6203","174847"
"2023/02/03","72826","34742","150793","93438","351799"
"2023/02/02","93567","1047","103944","42581","241139"
"2023/02/01","83538","2463","243187","19740","348928"
"2023/01/31","65021","0","32035","1385970","1483026"
"2023/01/30","77735","9512","131252","23861","242360"
"2023/01/27","73033","1393","137588","35898","247912"
"2023/01/26","71414","3313","195052","1060","270839"
"2023/01/25","67396","4523","117109","1368","190396"
"2023/01/20","139153","9255","130670","14760","293838"
"2023/01/19","113484","9761","73786","20310","217341"
"2023/01/18","107289","5016","75466","77077","264848"
"2023/01/17","116025","7106","63795","24905","211831"
"2023/01/16","170243","1844","108608","137757","418452"
"2023/01/13","39054","1851","59357","28652","128914"
"2023/01/12","65760","15626","67570","141979","290935"
"2023/01/11","73274","4435","37650","10645","126004"
"2023/01/10","89531","1370","25313","1672","117886"
"2023/01/09","66620","1027","39395","16655","123697"
"2023/01/06","102767","2","42726","19944","165439"
"2023/01/05","103208","633","43152","122389","269382"
"2023/01/04","37512","7163","47516","6957","99148"
"2023/01/03","106623","5928","277073","28780","418404"
"2023/01/02","35401","272","33146","1656","70475"
"2022/12/29","66910","178","56514","38378","161980"
"2022/12/28","138641","3778","258282","16084","416785"
"2022/12/27","115438","1003","67544","21933","205918"
"2022/12/26","84852","3960","26968","19542","135322"
"2022/12/23","75860","4","42586","15571","134021"
"2022/12/22","141278","16001","35932","18150","211361"
"2022/12/21","46302","3105","18013","12112","79532"
"2022/12/20","29667","1599","119958","994","152218"
"2022/12/19","29238","510","61043","926","91717"
"2022/12/16","68812","1522","137279","30028","237641"
"2022/12/15","175527","1003","55434","3814","235778"
"2022/12/14","123318","1","45550","110241","279110"
"2022/12/13","49875","102","51203","9435","110615"
"2022/12/12","48128","502","46640","13621","108891"
"2022/12/09","60467","2510","32850","529","96356"
"2022/12/08","45332","96","42185","15715","103328"
"2022/12/07","23288","27166","48637","17260","116351"
"2022/12/06","27230","2636","46310","5176","81352"
"2022/12/05","27070","3241","55726","4793","90830"
"2022/12/02","14169","400","87817","25896","128282"
"2022/12/01","40828","0","183168","85246","309242"
"2022/11/30","20165","2000","218625","60078","300868"
"2022/11/29","70034","2660","95897","19352","187943"
"2022/11/28","29284","2807","140415","38730","211236"
"2022/11/25","35277","300","78143","17532","131252"
"2022/11/24","22689","2310","65403","7578","97980"
"2022/11/23","24162","0","67871","20083","112116"
"2022/11/22","15434","0","56750","10688","82872"
"2022/11/21","58171","0","116631","13255","188057"
"2022/11/18","78434","0","72033","38407","188874"
"2022/11/17","10842","0","138370","11513","160725"
"2022/11/16","16916","7998","119011","68150","212075"
"2022/11/15","24204","80","113838","5830","143952"
"2022/11/14","76906","0","299663","67535","444104"
"2022/11/11","35055","1000","291455","86509","414019"
"2022/11/10","27387","2000","101285","3674","134346"
"2022/11/09","38052","299","172768","22894","234013"
"2022/11/08","8409","0","110406","16077","134892"
"2022/11/07","16547","31801","119407","64325","232080"
"2022/11/04","58563","22870","491923","121950","695306"
"2022/11/03","45137","2455","437207","53564","538363"
"2022/11/02","33053","4290","313961","78880","430184"
"2022/11/01","86188","5150","189043","130120","410501"
"2022/10/31","63249","2548","384010","119495","569302"
"2022/10/28","36845","1495","189433","53940","281713"
"2022/10/27","89425","2093","306105","259752","657375"
"2022/10/26","95724","4823","218374","53591","372512"
"2022/10/25","111670","2","414681","57836","584189"
"2022/10/24","115051","9401","305467","139748","569667"
"2022/10/21","60344","4595","376144","235229","676312"
"2022/10/20","36314","207","584973","147772","769266"
"2022/10/19","53868","1910","488635","234996","779409"
"2022/10/18","33535","1072","361334","95323","491264"
"2022/10/17","77091","2000","238744","19980","337815"
"2022/10/14","54415","5502","257740","76746","394403"
"2022/10/13","80134","1693","130907","44889","257623"
"2022/10/12","152457","1238","78283","131983","363961"
"2022/10/11","162492","5566","62335","83202","313595"
"2022/10/07","3821","5000","23092","117792","149705"
"2022/10/06","17386","10000","27692","94613","149691"
"2022/10/05","44398","10200","25769","105186","185553"
"2022/10/04","57622","234","27948","172365","258169"
"2022/09/30","81050","4302","60826","161876","308054"
"2022/09/29","95953","20000","68064","9510","193527"
"2022/09/28","84097","40009","117680","14830","256616"
"2022/09/27","92029","500","67327","6914","166770"
"2022/09/26","62622","40303","93119","87826","283870"
"2022/09/23","72289","1110","89282","25764","188445"
"2022/09/22","21990","301","57162","21733","101186"
"2022/09/21","78589","6665","68423","5152","158829"
"2022/09/20","8534","14928","69467","12144","105073"
"2022/09/19","67672","33984","37749","42698","182103"
"2022/09/16","8030","70","21922","735348","765370"
"2022/09/15","5078","0","16027","97209","118314"
"2022/09/14","50503","1284","111389","84318","247494"
"2022/09/13","45670","2","38846","116793","201311"
"2022/09/08","18261","605","39143","84790","142799"
"2022/09/07","34162","4212","168853","65856","273083"
"2022/09/06","39101","4753","62146","21908","127908"
"2022/09/05","63517","3200","99661","11091","177469"
"2022/09/02","19707","1796","123746","78183","223432"
"2022/09/01","24538","904","41271","54190","120903"
"2022/08/31","17302","10060","35523","93752","156637"
"2022/08/30","19905","1","66372","17931","104209"
"2022/08/29","50165","8813","127043","36205","222226"
"2022/08/26","44314","11304","80402","18479","154499"
"2022/08/25","43726","2200","95762","23903","165591"
"2022/08/24","20645","40924","95042","1094","157705"
"2022/08/23","85459","18081","115384","17539","236463"
"2022/08/22","59763","10000","61903","43839","175505"
"2022/08/19","57670","10001","92858","73278","233807"
"2022/08/18","52522","12000","77439","24002","165963"
"2022/08/17","98864","15002","74543","23381","211790"
"2022/08/16","81400","1973","142305","53663","279341"
"2022/08/12","53600","400","128151","69448","251599"
"2022/08/11","63455","732","78920","180918","324025"
"2022/08/10","37450","300","127053","71439","236242"
"2022/08/09","66921","4801","155571","136636","363929"
"2022/08/08","24894","70","110266","66826","202056"
"2022/08/05","82397","0","64218","44922","191537"
"2022/08/04","117492","2402","133236","111103","364233"
"2022/08/03","87426","17101","88790","57977","251294"
"2022/08/02","61516","300","90560","65548","217924"
"2022/08/01","119772","4595","90244","59535","274146"
"2022/07/29","84478","1100","145929","62218","293725"
"2022/07/28","40694","200","208208","8915","258017"
"2022/07/27","48201","1410","167699","39792","257102"
"2022/07/26","31726","6094","84692","363676","486188"
"2022/07/25","34445","2200","338315","72660","447620"
"2022/07/22","57759","2349","62120","23344","145572"
"2022/07/21","37915","9941","151115","50991","249962"
"2022/07/20","29246","3100","125891","62505","220742"
"2022/07/19","13986","600","57597","48895","121078"
"2022/07/18","32072","13221","132625","16151","194069"
"2022/07/15","13846","3800","98149","101807","217602"
"2022/07/14","24074","3052","95123","16429","138678"
"2022/07/13","18982","2047","42108","43645","106782"
"2022/07/12","20344","5220","27524","55692","108780"
"2022/07/11","13268","9694","66071","16317","105350"
"2022/07/08","22081","4843","60626","20269","107819"
"2022/07/07","31403","5300","64370","7580","108653"
"2022/07/06","21437","230","10421","87930","120018"
"2022/07/05","70955","100","27460","132670","231185"
"2022/07/04","40063","11244","59353","138137","248797"
"2022/07/01","120084","4108","66819","45125","236136"
"2022/06/30","47115","2523","84189","148165","281992"
"2022/06/29","25157","12937","84876","76276","199246"
"2022/06/28","138554","15280","108075","148114","410023"
"2022/06/27","78104","14721","57521","56309","206655"
"2022/06/24","121430","13898","81009","9042","225379"
"2022/06/23","104057","17628","107009","78683","307377"
"2022/06/22","135791","329","118398","51081","305599"
"2022/06/21","84434","5300","137382","59728","286844"
"2022/06/20","93086","10901","126682","58060","288729"
"2022/06/17","192872","121658","311947","4551658","5178135"
"2022/06/16","15065","29115","64502","475665","584347"
"2022/06/15","24260","51999","63984","317166","457409"
"2022/06/14","152629","202","85749","296618","535198"
"2022/06/13","117623","58117","63552","337767","577059"
"2022/06/10","88285","141678","48653","190956","469572"
"2022/06/09","60611","75500","54990","212052","403153"
"2022/06/08","124665","26311","70295","308536","529807"
"2022/06/07","109497","17042","97004","415662","639205"
"2022/06/03","153423","10000","19137","180943","363503"
"2022/06/02","141940","0","135860","819934","1097734"
"2022/05/31","217376","500","54011","333147","605034"
"2022/05/30","141489","2026","48206","99724","291445"
"2022/05/27","161162","1","42574","172967","376704"
"2022/05/26","134168","35275","79718","276190","525351"
"2022/05/25","183091","10170","29165","124899","347325"
"2022/05/24","86782","21","22714","17068","126585"
"2022/05/23","77732","1005","14194","21072","114003"
"2022/05/20","117765","1985","6167","43649","169566"
"2022/05/19","93020","5","48604","5303","146932"
"2022/05/18","94086","246","13454","58559","166345"
"2022/05/17","146333","2000","53652","10386","212371"
"2022/05/16","145376","2011","40981","7278","195646"
"2022/05/13","86337","19","41938","28762","157056"
"2022/05/12","155822","1002","48863","31100","236787"
"2022/05/11","110620","1000","25173","102897","239690"
"2022/05/10","89127","2101","92848","74267","258343"
"2022/05/09","99511","967","50751","10749","161978"
"2022/05/06","72720","3100","130120","14946","220886"
"2022/05/04","151961","3116","96239","68347","319663"
"2022/05/03","150748","6579","172604","24620","354551"
"2022/05/02","175272","0","49369","27593","252234"
"2022/04/29","177517","1","45227","29725","252470"
"2022/04/28","269006","150","109443","21643","400242"
"2022/04/27","317928","3325","90252","41211","452716"
"2022/04/26","257175","500","78372","12126","348173"
"2022/04/25","291502","3255","184875","58488","538120"
"2022/04/22","382119","500","100064","120636","603319"
"2022/04/21","245702","10006","59344","30974","346026"
"2022/04/20","214155","0","32577","13716","260448"
"2022/04/19","216839","172","72815","20915","310741"
"2022/04/18","271776","3814","132575","33328","441493"
"2022/04/15","375842","3310","262520","180561","822233"
"2022/04/14","349636","0","49303","64925","463864"
"2022/04/13","303511","0","70178","31800","405489"
"2022/04/12","198051","20000","73651","82987","374689"
"2022/04/11","214434","0","64173","68986","347593"
"2022/04/08","207708","4562","62761","67500","342531"
"2022/04/07","182022","3006","87534","75044","347606"
"2022/04/06","335435","7971","166724","100457","610587"
"2022/04/05","316648","3866","102390","85701","508605"
"2022/04/04","130337","6476","123309","27689","287811"
"2022/04/01","156763","2928","77609","28251","265551"
"2022/03/31","160775","2176","126547","52502","342000"
"2022/03/30","122389","3229","53606","14922","194146"
"2022/03/29","134377","2658","108853","7057","252945"
"2022/03/28","121243","9227","48351","6555","185376"
"2022/03/25","91241","7346","32455","57031","188073"
"2022/03/24","101021","2065","45767","106130","254983"
"2022/03/23","108460","12337","85177","476","206450"
"2022/03/22","104894","0","23656","57400","185950"
"2022/03/21","96736","638","29810","22408","149592"
"2022/03/18","161806","8257","161689","37709","369461"
"2022/03/17","127576","15667","64834","42296","250373"
"2022/03/16","104155","7945","24772","6890","143762"
"2022/03/15","99598","1098","84851","13411","198958"
"2022/03/14","111521","1677","44303","30657","188158"
"2022/03/11","217741","7996","59248","35739","320724"
"2022/03/10","185089","1674","42050","10278","239091"
"2022/03/08","192549","4390","53561","15558","266058"
"2022/03/07","148307","1463","50465","11034","211269"
"2022/03/04","165325","2513","82829","94506","345173"
"2022/03/03","180302","20","26684","24698","231704"
"2022/03/02","154509","5005","21485","20415","201414"
"2022/02/28","110639","238","76803","42148","229828"
"2022/02/25","205396","0","24322","13192","242910"
"2022/02/24","249648","0","28124","27942","305714"
"2022/02/23","96009","230","32709","573","129521"
"2022/02/22","116567","1814","26827","4782","149990"
"2022/02/21","90117","10","24726","7350","122203"
"2022/02/18","138567","20","59866","376","198829"
"2022/02/17","106516","641","58193","12507","177857"
"2022/02/16","99674","0","31371","20","131065"
"2022/02/15","73468","591","41104","3727","118890"
"2022/02/14","104801","10889","45454","7759","168903"
"2022/02/11","72923","7411","87403","22302","190039"
"2022/02/10","134874","16535","32910","22945","207264"
"2022/02/09","79562","8100","91078","11016","189756"
"2022/02/08","83704","8779","82370","54343","229196"
"2022/02/07","142604","22189","107682","69617","342092"
"2022/02/04","75097","5174","61408","49468","191147"
"2022/02/03","145772","6965","93728","32779","279244"
"2022/01/28","49190","2400","112034","9227","172851"
"2022/01/27","121614","8000","145243","3727","278584"
"2022/01/26","86842","4800","51850","12836","156328"
"2022/01/25","98517","10062","217094","5556","331229"
"2022/01/24","86172","3100","121150","13337","223759"
"2022/01/21","93249","3000","111877","9956","218082"
"2022/01/20","55772","14551","96967","16152","183442"
"2022/01/19","84413","10101","127878","4918","227310"
"2022/01/18","59983","10000","39142","3156","112281"
"2022/01/17","139159","43230","82028","10878","275295"
"2022/01/14","95856","4100","128936","30009","258901"
"2022/01/13","71269","3516","73585","19888","168258"
"2022/01/12","79110","13418","168694","7233","268455"
"2022/01/11","109613","1003","43101","10339","164056"
"2022/01/10","62354","2000","85474","13933","163761"
"2022/01/07","57839","0","46838","31247","135924"
"2022/01/06","108636","6462","71335","9870","196303"
"2022/01/05","140699","3050","85219","19171","248139"
"2022/01/04","169107","39756","169158","1271","379292"
"2022/01/03","95575","40168","71334","5321","212398"
"2021/12/30","105725","1","53131","12870","171727"
"2021/12/29","43186","4720","252421","47953","348280"
"2021/12/28","174100","0","203484","137482","515066"
"2021/12/27","102406","36000","128500","25561","292467"
"2021/12/24","99868","362","83135","12942","196307"
"2021/12/23","90751","5188","94423","2158","192520"
"2021/12/22","97517","3616","94287","8664","204084"
"2021/12/21","164019","1","112088","19659","295767"
"2021/12/20","134979","0","73548","68672","277199"
"2021/12/17","69017","2000","125642","3326","199985"
"2021/12/16","86435","0","63548","10270","160253"
"2021/12/15","38592","0","57787","6734","103113"
"2021/12/14","31967","0","209674","13697","255338"
"2021/12/13","47742","100","52486","102873","203201"
"2021/12/10","35382","19000","84686","4301","143369"
"2021/12/09","77967","20001","193331","3068","294367"
"2021/12/08","102533","1001","88583","14368","206485"
"2021/12/07","38927","41313","93165","16923","190328"
"2021/12/06","140401","7200","163685","45956","357242"
"2021/12/03","134832","29600","62811","19153","246396"
"2021/12/02","152923","500","36172","15702","205297"
"2021/12/01","236473","2001","85088","43325","366887"
"2021/11/30","311383","12299","604314","28682","956678"
"2021/11/29","150353","6100","158105","36569","351127"
"2021/11/26","58061","25400","109989","783","194233"
"2021/11/25","32348","8000","167445","8791","216584"
"2021/11/24","55160","9781","65386","4847","135174"
"2021/11/23","61383","2197","55738","33","119351"
"2021/11/22","80147","0","68103","2548","150798"
"2021/11/19","124547","0","57101","7600","189248"
"2021/11/18","130720","0","184062","35706","350488"
"2021/11/17","165934","0","144848","11945","322727"
"2021/11/16","70177","20","215409","3302","288908"
"2021/11/15","43653","1","148103","3895","195652"
"2021/11/12","124268","15","71788","15049","211120"
"2021/11/11","163474","1","78269","7803","249547"
"2021/11/10","153561","1052","83670","4867","243150"
"2021/11/09","128477","0","46158","15047","189682"
"2021/11/08","69428","19650","136195","19554","244827"
"2021/11/05","71574","51","78831","5362","155818"
"2021/11/04","132344","110","85646","8302","226402"
"2021/11/03","125500","1150","107056","11241","244947"
"2021/11/02","189617","29067","144773","5926","369383"
"2021/11/01","187746","4400","68097","18225","278468"
"2021/10/29","147119","520","135570","72656","355865"
"2021/10/28","98836","2884","67267","3990","172977"
"2021/10/27","112749","6830","124147","3606","247332"
"2021/10/26","89736","3880","149118","450","243184"
"2021/10/25","70144","1","95611","10799","176555"
"2021/10/22","110473","381","107328","14194","232376"
"2021/10/21","179531","9123","178069","20436","387159"
"2021/10/20","213526","20000","287998","91934","613458"
"2021/10/19","123232","2920","112214","17491","255857"
"2021/10/18","77883","400","91441","4448","174172"
"2021/10/15","111968","6400","180560","42667","341595"
"2021/10/14","119009","0","120952","19314","259275"
"2021/10/13","65173","25000","83787","19904","193864"
"2021/10/12","99854","1828","164822","10473","276977"
"2021/10/08","199781","38","196698","14973","411490"
"2021/10/07","157232","7935","118073","45076","328316"
"2021/10/06","187180","14100","161326","47173","409779"
"2021/10/05","138051","12206","238589","35215","424061"
"2021/10/01","187101","5896","181395","12910","387302"
"2021/09/30","164727","11422","88773","26781","291703"
"2021/09/29","198587","11567","220199","36268","466621"
"2021/09/28","152539","13465","132804","5164","303972"
"2021/09/27","106481","19478","200813","19390","346162"
"2021/09/24","75181","1010","173415","5737","255343"
"2021/09/23","119685","1000","129131","44827","294643"
"2021/09/17","77608","4322","127587","68522","278039"
"2021/09/16","87643","3901","194355","13368","299267"
"2021/09/15","85324","2729","167284","13538","268875"
"2021/09/14","50933","7595","133225","11726","203479"
"2021/09/13","84375","1106","153574","13971","253026"
"2021/09/10","94048","5114","180560","68180","347902"
"2021/09/09","126459","28444","138855","143522","437280"
"2021/09/08","147116","11750","485508","49495","693869"
"2021/09/07","107241","13600","217256","46445","384542"
"2021/09/06","102360","31000","151762","6250","291372"
"2021/09/03","58980","4418","277922","27739","369059"
"2021/09/02","225708","14205","1086012","54210","1380135"
"2021/09/01","133093","138","252078","93962","479271"
"2021/08/31","100586","100","288158","57948","446792"
"2021/08/30","44424","313","179393","77766","301896"
"2021/08/27","141098","14","143531","53857","338500"
"2021/08/26","54076","51","219252","14816","288195"
"2021/08/25","86147","13","89808","42919","218887"
"2021/08/24","132746","13229","120055","40630","306660"
"2021/08/23","122604","20301","220295","197582","560782"
"2021/08/20","205179","4000","264128","212495","685802"
"2021/08/19","161389","7280","275940","134469","579078"
"2021/08/18","199411","7000","254959","190571","651941"
"2021/08/17","214438","17940","380666","71979","685023"
"2021/08/13","145022","4098","288049","138408","575577"
"2021/08/12","70203","0","120867","15334","206404"
"2021/08/11","103367","0","264355","46628","414350"
"2021/08/10","78656","0","156013","76939","311608"
"2021/08/09","67073","0","134252","31403","232728"
"2021/08/06","120461","1000","129714","39962","291137"
"2021/08/05","130214","100","152628","33099","316041"
"2021/08/04","62547","1700","405177","26455","495879"
"2021/08/03","40955","100","165248","22216","228519"
"2021/08/02","43096","99","144259","6750","194204"
"2021/07/30","114536","0","161259","24913","300708"
"2021/07/29","53213","10853","167369","16152","247587"
"2021/07/28","29977","100","153176","78904","262157"
"2021/07/27","42726","0","221524","21842","286092"
"2021/07/26","50410","520","159271","52545","262746"
"2021/07/23","129550","0","105720","7681","242951"
"2021/07/22","279900","23665","437237","72384","813186"
"2021/07/21","74497","500","137714","95883","308594"
"2021/07/20","57760","5980","236164","87081","386985"
"2021/07/19","61073","1","181396","49191","291661"
"2021/07/16","82620","0","196316","305948","584884"
"2021/07/15","205427","46262","562431","64075","878195"
"2021/07/14","63200","2950","236981","26829","329960"
"2021/07/13","88363","0","108485","34155","231003"
"2021/07/12","134702","10250","212971","68256","426179"
"2021/07/09","265991","1850","424180","129803","821824"
"2021/07/08","175287","4162","328554","115095","623098"
"2021/07/07","126820","4381","107592","106611","345404"
"2021/07/06","131698","5545","114191","133777","385211"
"2021/07/05","93982","8100","138557","294113","534752"
"2021/07/02","101090","0","199369","279994","580453"
"2021/07/01","142883","4170","250966","129666","527685"
"2021/06/30","258079","12009","476732","29678","776498"
"2021/06/29","114107","10572","542984","22565","690228"
"2021/06/28","198993","17891","484415","83019","784318"
"2021/06/25","105963","1600","419703","8598","535864"
"2021/06/24","121728","500","252686","27015","401929"
"2021/06/23","217446","8400","318882","10233","554961"
"2021/06/22","83582","8295","268704","93250","453831"
"2021/06/21","110502","12300","448209","590","571601"
"2021/06/18","216116","44080","381385","91579","733160"
"2021/06/17","105635","20010","485315","20367","631327"
"2021/06/16","163813","21969","330646","28821","545249"
"2021/06/15","562993","14688","496073","87937","1161691"
"2021/06/14","109064","15350","527570","10095","662079"
"2021/06/11","328273","66283","464951","23669","883176"
"2021/06/10","193692","12247","366578","19292","591809"
"2021/06/09","266081","19276","615679","122181","1023217"
"2021/06/08","155987","29853","419077","18349","623266"
"2021/06/07","173581","26872","508337","31213","740003"
"2021/06/04","219179","35229","818975","110587","1183970"
"2021/06/03","418513","11675","1469149","156288","2055625"
"2021/06/02","346569","106725","1021005","248062","1722361"
"2021/06/01","385225","201352","543480","121813","1251870"
"2021/05/31","203760","45746","994328","85323","1329157"
"2021/05/28","215975","54122","999427","213061","1482585"
"2021/05/27","145504","16231","296315","302764","760814"
"2021/05/26","66733","15799","189026","30","271588"
"2021/05/25","112361","2000","165167","909","280437"
"2021/05/24","155321","1030","129747","2596","288694"
"2021/05/21","81311","0","229017","17445","327773"
"2021/05/20","47417","100","158117","37088","242722"
"2021/05/18","97021","2481","223922","32797","356221"
"2021/05/17","83298","2500","202836","30810","319444"
"2021/05/14","208046","18700","299528","23236","549510"
"2021/05/13","140407","710","415468","17277","573862"
"2021/05/12","309995","0","450985","128410","889390"
"2021/05/11","203536","3717","259071","35531","501855"
"2021/05/10","235536","2530","386431","23970","648467"
"2021/05/07","155940","14670","315155","33991","519756"
"2021/05/06","145739","722","381488","107330","635279"
"2021/05/04","180718","3704","302767","11825","499014"
"2021/05/03","195809","116","362474","61089","619488"
"2021/04/30","201299","6322","172913","53122","433656"
"2021/04/29","194651","551","213312","13653","422167"
"2021/04/28","225861","2558","313341","9390","551150"
"2021/04/27","158859","12307","375603","86181","632950"
"2021/04/26","235594","19","289993","3204","528810"
"2021/04/23","143559","0","197568","6779","347906"
"2021/04/22","217307","1553","245363","7894","472117"
"2021/04/21","172439","1300","401838","3425","579002"
"2021/04/20","194997","19","394698","127360","717074"
"2021/04/19","335267","22","301863","1561","638713"
"2021/04/16","134980","37450","228072","1350","401852"
"2021/04/15","190087","3721","285467","60","479335"
"2021/04/14","120419","3780","228685","217","353101"
"2021/04/13","153880","5264","285634","4601","449379"
"2021/04/12","145722","3800","230610","17416","397548"
"2021/04/09","78149","3794","209708","2145","293796"
"2021/04/08","127085","3992","507930","83240","722247"
"2021/04/07","123689","3910","222725","40610","390934"
"2021/04/06","142495","15755","203651","21089","382990"
"2021/04/05","81978","7000","295314","40171","424463"
"2021/04/02","169600","8450","211417","6862","396329"
"2021/04/01","244318","48958","162995","44694","500965"
"2021/03/31","117492","13700","238084","74965","444241"
"2021/03/30","272911","27927","243080","30443","574361"
"2021/03/29","344558","17720","399376","263018","1024672"
"2021/03/26","310988","39937","610733","364576","1326234"
"2021/03/25","187973","9905","143674","107210","448762"
"2021/03/24","115419","23750","543788","370714","1053671"
"2021/03/23","103212","0","76186","92787","272185"
"2021/03/22","53848","600","169405","71057","294910"
"2021/03/19","86207","13000","263974","345641","708822"
"2021/03/18","17586","41552","224744","214890","498772"
"2021/03/17","54513","14700","157287","17665","244165"
"2021/03/16","68830","500","187117","20304","276751"
"2021/03/15","64106","0","227602","76159","367867"
"2021/03/12","22156","2016","223203","7779","255154"
"2021/03/11","46206","0","186326","11156","243688"
"2021/03/10","28641","5131","131473","26967","192212"
"2021/03/09","41371","7509","296483","28343","373706"
"2021/03/08","51859","10000","342286","93099","497244"
"2021/03/05","61951","3406","298701","133647","497705"
"2021/03/04","35425","905","582927","18642","637899"
"2021/03/03","39668","4815","401543","44578","490604"
"2021/03/02","53725","16021","340727","17090","427563"
"2021/02/26","56101","5000","243447","67434","371982"
"2021/02/25","20584","3214","204384","12122","240304"
"2021/02/24","14322","4150","259815","56519","334806"
"2021/02/23","59582","7593","248314","33533","349022"
"2021/02/22","45558","13200","390760","15302","464820"
"2021/02/19","75831","12200","513829","15269","617129"
"2021/02/18","38337","5293","719017","538338","1300985"
"2021/02/17","40795","10650","552371","421038","1024854"
"2021/02/16","64551","1069","173967","100509","340096"
"2021/02/15","93909","10369","236409","176737","517424"
"2021/02/10","100166","350","267608","14524","382648"
"2021/02/09","43374","350","247426","14276","305426"
"2021/02/08","91093","0","234798","27875","353766"
"2021/02/05","11243","0","134100","12490","157833"
"2021/02/04","35876","2547","279520","33511","351454"
"2021/02/03","47237","7000","302657","66755","423649"
"2021/02/02","64905","100","366771","30055","461831"
"2021/02/01","37932","4110","363799","26167","432008"
"2021/01/29","52462","402","273507","145092","471463"
"2021/01/28","39601","201","303743","79450","422995"
"2021/01/27","40945","84000","253665","74553","453163"
"2021/01/26","106600","750","806960","63207","977517"
"2021/01/25","61765","10002","738773","267098","1077638"
"2021/01/22","59202","3001","328084","70568","460855"
"2021/01/21","10558","50299","263376","70720","394953"
"2021/01/20","46553","27604","268157","3616","345930"
"2021/01/19","19653","16510","608459","34346","678968"
"2021/01/18","30988","525","550485","14580","596578"
"2021/01/15","11071","1050","477478","9547","499146"
"2021/01/14","58196","10","404350","110717","573273"
"2021/01/13","38732","600","349576","76387","465295"
"2021/01/12","52062","590","309694","24356","386702"
"2021/01/11","83121","6134","741841","84284","915380"
"2021/01/08","7517","1200","454119","73071","535907"
"2021/01/07","27488","6022","511728","10843","556081"
"2021/01/06","37620","1129","1060714","136167","1235630"
"2021/01/05","91279","21830","1039762","387134","1540005"
"2021/01/04","12457","600","236359","386433","635849"
"2020/12/30","12116","9244","421548","110538","553446"
"2020/12/29","47980","2620","402029","149615","602244"
"2020/12/28","59411","0","579799","31398","670608"
"2020/12/24","65418","0","260842","4674","330934"
"2020/12/23","52712","1500","268142","75926","398280"
"2020/12/22","6309","20000","284699","64873","375881"
"2020/12/21","35960","0","262026","60016","358002"
"2020/12/18","12877","0","209550","345691","568118"
"2020/12/17","56160","33","375218","68874","500285"
"2020/12/16","4461","20","106690","13876","125047"
"2020/12/15","119482","1704","73004","28790","222980"
"2020/12/14","100644","500","209654","34582","345380"
"2020/12/11","260502","0","189491","31908","481901"
"2020/12/10","112501","95","316181","12741","441518"
"2020/12/09","45782","100","166192","7000","219074"
"2020/12/08","15233","1120","123764","22704","162821"
"2020/12/07","139726","1100","206857","47649","395332"
"2020/12/04","208431","1000","537684","26489","773604"
"2020/12/03","192908","2800","442008","20620","658336"
"2020/12/02","162794","1000","194458","9388","367640"
"2020/12/01","50794","50","195864","5940","252648"
"2020/11/30","134508","2100","255761","21945","414314"
"2020/11/27","46919","1250","300366","12774","361309"
"2020/11/26","80886","1000","177406","6524","265816"
"2020/11/25","64801","425","199598","27536","292360"
"2020/11/24","67754","0","298096","77763","443613"
"2020/11/23","139195","800","232627","20957","393579"
"2020/11/20","61491","0","133081","21411","215983"
"2020/11/19","162639","0","320192","17977","500808"
"2020/11/18","64571","200","111335","12715","188821"
"2020/11/17","44109","6400","190819","26684","268012"
"2020/11/16","72378","5900","452987","14340","545605"
"2020/11/13","52737","3036","344368","16785","416926"
"2020/11/12","35184","1500","81621","885","119190"
"2020/11/11","17924","1000","110795","24442","154161"
"2020/11/10","91053","5068","220751","63262","380134"
"2020/11/09","55541","1500","131501","26056","214598"
"2020/11/06","25711","1500","153502","3933","184646"
"2020/11/05","95805","0","144447","31039","271291"
"2020/11/04","46585","3000","59827","9957","119369"
"2020/11/03","76458","200","74920","29236","180814"
"2020/11/02","210264","8881","62744","6578","288467"
"2020/10/30","87836","0","96727","18577","203140"
"2020/10/29","58469","6666","125468","65426","256029"
"2020/10/28","58317","28225","161711","14701","262954"
"2020/10/27","111196","2000","196620","6547","316363"
"2020/10/26","90249","8655","292715","52488","444107"
"2020/10/23","64016","49869","198184","53144","365213"
"2020/10/22","61465","35969","373521","160259","631214"
"2020/10/21","57250","66190","143451","13133","280024"
"2020/10/20","62876","3190","101147","5725","172938"
"2020/10/19","99599","2099","165537","39","267274"
"2020/10/16","58081","0","126504","36887","221472"
"2020/10/15","77124","0","184796","51071","312991"
"2020/10/14","59403","0","104621","24015","188039"
"2020/10/13","21226","100","174129","37667","233122"
"2020/10/12","17813","191","154031","18508","190543"
"2020/10/08","25889","14400","158615","11480","210384"
"2020/10/07","72590","293","84260","25583","182726"
"2020/10/06","7677","7500","59450","23538","98165"
"2020/10/05","51501","18194","102819","16977","189491"
"2020/09/29","7358","12195","92207","46756","158516"
"2020/09/28","11159","0","74969","59687","145815"
"2020/09/25","10023","1807","140180","38860","190870"
"2020/09/24","30042","3853","150319","6673","190887"
"2020/09/23","30576","2288","94868","5769","133501"
"2020/09/22","39417","500","81310","67153","188380"
"2020/09/21","20006","388","172548","33429","226371"
"2020/09/18","27189","2000","175896","104","205189"
"2020/09/17","6747","5000","205100","119932","336779"
"2020/09/16","18400","4511","129354","30062","182327"
"2020/09/15","15102","2000","144309","12118","173529"
"2020/09/14","9508","6300","103339","30024","149171"
"2020/09/11","13887","2898","78894","55382","151061"
"2020/09/10","15147","0","91449","83247","189843"
"2020/09/09","83079","12510","189655","38394","323638"
"2020/09/08","69233","8010","192274","47732","317249"
"2020/09/07","83081","3197","112741","34620","233639"
"2020/09/04","24772","11197","124334","73003","233306"
"2020/09/03","84064","197","152432","20376","257069"
"2020/09/02","21870","11442","76069","14823","124204"
"2020/09/01","15924","18150","82972","126567","243613"
"2020/08/31","17516","2000","100581","112546","232643"
"2020/08/28","17567","12451","184389","14095","228502"
"2020/08/27","40453","0","143805","21152","205410"
"2020/08/26","16615","500","199572","44520","261207"
"2020/08/25","20703","0","157744","44318","222765"
"2020/08/24","40771","5000","213156","10209","269136"
"2020/08/21","28278","982","255118","50728","335106"
"2020/08/20","147106","1273","293553","23010","464942"
"2020/08/19","176266","5","128587","69527","374385"
"2020/08/18","107563","1017","194129","42719","345428"
"2020/08/14","36610","2","168315","64370","269297"
"2020/08/13","48626","10861","191742","22499","273728"
"2020/08/12","130903","4090","388872","77959","601824"
"2020/08/11","11348","1900","317301","35930","366479"
"2020/08/10","32830","12592","161461","14907","221790"
"2020/08/07","26756","18589","331164","12245","388754"
"2020/08/06","20007","19220","181875","15370","236472"
"2020/08/05","88160","970","375750","46683","511563"
"2020/08/04","180170","1163","132043","3714","317090"
"2020/08/03","104715","1071","128453","6870","241109"
"2020/07/31","84891","100","46918","10459","142368"
"2020/07/30","65374","5000","97092","67","167533"
"2020/07/29","127048","301","100474","86466","314289"
"2020/07/28","128091","400","199319","4767","332577"
"2020/07/27","113242","11000","138142","118747","381131"
"2020/07/24","108298","200","148713","7938","265149"
"2020/07/23","234727","10401","251565","16774","513467"
"2020/07/22","135297","1301","196453","25982","359033"
"2020/07/21","26998","200","281326","85587","394111"
"2020/07/20","18846","1103","194246","7118","221313"
"2020/07/17","35143","211","221812","126308","383474"
"2020/07/16","32655","2388","168926","111207","315176"
"2020/07/15","95056","300","302253","9288","406897"
"2020/07/14","37371","50","122603","535","160559"
"2020/07/13","18025","50","95435","582","114092"
"2020/07/10","52654","200","138924","24802","216580"
"2020/07/09","149734","100","236633","41044","427511"
"2020/07/08","123535","9330","382481","10199","525545"
"2020/07/07","120870","1010","236574","55860","414314"
"2020/07/06","94387","20000","409633","9921","533941"
"2020/07/03","35584","0","167596","203542","406722"
"2020/07/02","48035","0","115111","104175","267321"
"2020/07/01","45544","20907","103831","35764","206046"
"2020/06/30","88972","6000","120129","72612","287713"
"2020/06/29","93094","650","203662","56607","354013"
"2020/06/26","33803","0","413993","25376","473172"
"2020/06/25","75911","316","172793","39973","288993"
"2020/06/24","75969","300","171362","26","247657"
"2020/06/23","101258","15913","322022","23105","462298"
"2020/06/22","109915","1805","404465","5856","522041"
"2020/06/19","53068","3000","377804","2182177","2616049"
"2020/06/18","22577","0","231551","333770","587898"
"2020/06/17","50059","2000","282131","303559","637749"
"2020/06/16","7650","2000","266567","356293","632510"
"2020/06/15","79681","15100","322448","252105","669334"
"2020/06/12","150715","160","380163","139984","671022"
"2020/06/11","60967","100","323634","65611","450312"
"2020/06/10","70786","22","452515","48485","571808"
"2020/06/09","102300","18000","441037","197935","759272"
"2020/06/08","27947","6000","249197","181265","464409"
"2020/06/05","33955","15079","502983","78259","630276"
"2020/06/04","125198","22000","553676","56525","757399"
"2020/06/03","152834","15600","617512","142932","928878"
"2020/06/02","42471","10198","408242","142770","603681"
"2020/06/01","135262","29981","450317","84464","700024"
"2020/05/29","127540","7099","354854","1736903","2226396"
"2020/05/28","160532","80","454786","170270","785668"
"2020/05/27","196537","1843","380243","124439","703062"
"2020/05/26","72803","1350","598159","296300","968612"
"2020/05/25","96245","21643","393833","176446","688167"
"2020/05/22","230066","8347","1024579","221084","1484076"
"2020/05/21","86755","1390","678183","197889","964217"
"2020/05/20","24037","4435","246541","96797","371810"
"2020/05/19","66213","6800","517665","237524","828202"
"2020/05/18","21377","3300","116490","115843","257010"
"2020/05/15","7496","30828","144774","114445","297543"
"2020/05/14","34422","0","325457","55851","415730"
"2020/05/13","29413","700","137235","212526","379874"
"2020/05/12","78986","2901","216657","57729","356273"
"2020/05/11","32946","10236","241055","98351","382588"
"2020/05/08","80161","601","143481","52325","276568"
"2020/05/07","67210","1150","255306","51308","374974"
"2020/05/06","29422","300","164872","49071","243665"
"2020/05/04","147133","46735","662924","96378","953170"
"2020/04/29","114211","3162","334726","100138","552237"
"2020/04/28","129320","3994","862104","40760","1036178"
"2020/04/27","73184","17400","201649","19536","311769"
"2020/04/24","124354","17220","371049","109860","622483"
"2020/04/23","190155","11130","467622","106896","775803"
"2020/04/22","920565","1867","308604","128205","1359241"
"2020/04/21","170773","300","189135","84327","444535"
"2020/04/20","198521","1600","261845","44955","506921"
"2020/04/17","124470","600","317991","297335","740396"
"2020/04/16","192160","1728","128232","50932","373052"
"2020/04/14","165314","985","205891","11635","383825"
"2020/04/13","184829","300","106752","4415","296296"
"2020/04/10","200360","300","389710","34227","624597"
"2020/04/09","120881","300","126901","104894","352976"
"2020/04/08","32170","430","287405","24325","344330"
"2020/04/07","73221","2400","446351","115897","637869"
"2020/04/06","50073","300","216772","36802","303947"
"2020/04/03","32299","1195","169571","14829","217894"
"2020/04/02","56192","9427","124281","46218","236118"
"2020/04/01","100840","22490","139338","133583","396251"
"2020/03/31","76480","0","206673","90451","373604"
"2020/03/30","181190","58651","111665","119806","471312"
"2020/03/27","172170","5700","280849","108940","567659"
"2020/03/26","243349","300","348352","73982","665983"
"2020/03/25","209372","100","401761","68167","679400"
"2020/03/24","347672","51853","242674","15831","658030"
"2020/03/23","459936","63297","373156","48888","945277"
"2020/03/20","278824","74472","590746","40111","984153"
"2020/03/19","519390","53714","680995","25245","1279344"
"2020/03/18","232690","700","136337","32008","401735"
"2020/03/17","279793","18496","303572","86473","688334"
"2020/03/16","245609","6810","583397","108992","944808"
"2020/03/13","534850","30180","1016983","279635","1861648"
"2020/03/12","412008","4615","346031","12946","775600"
"2020/03/11","104640","1200","154338","152014","412192"
"2020/03/10","92358","900","198139","133210","424607"
"2020/03/09","163803","1600","217669","135529","518601"
"2020/03/06","139441","900","109920","74619","324880"
"2020/03/05","451147","100","218126","108762","778135"
"2020/03/04","361026","2746","201160","207451","772383"
"2020/03/03","171519","200","121674","63419","356812"
"2020/03/02","139902","5680","209353","90259","445194"
"2020/02/28","437473","21011","870275","55246","1384005"
"2020/02/27","285357","19165","197835","24834","527191"
"2020/02/26","233886","29528","176860","35498","475772"
"2020/02/25","260530","3128","297110","159510","720278"
"2020/02/24","903274","22003","625086","28900","1579263"
"2020/02/21","394742","659","300236","7925","703562"
"2020/02/20","214366","6863","122676","921","344826"
"2020/02/19","182916","696","152943","45419","381974"
"2020/02/18","214890","20100","193980","16016","444986"
"2020/02/17","130282","6216","642014","27821","806333"
"2020/02/14","572001","69563","677395","109002","1427961"
"2020/02/13","112420","9027","190557","9921","321925"
"2020/02/12","243264","17000","235186","36612","532062"
"2020/02/11","219772","6519","176530","27613","430434"
"2020/02/10","98217","100","97999","2253","198569"
"2020/02/07","191382","8100","141016","10545","351043"
"2020/02/06","110894","6100","229159","21500","367653"
"2020/02/05","111756","300","199996","23217","335269"
"2020/02/04","213063","137","231493","2255","446948"
"2020/02/03","425978","23983","302471","152048","904480"
"2020/01/31","384928","2518","253966","190890","832302"
"2020/01/30","1047345","20650","345295","37887","1451177"
"2020/01/29","179365","100","238900","53975","472340"
"2020/01/28","511012","42766","749824","106716","1410318"
"2020/01/23","273526","4946","578220","155123","1011815"
"2020/01/22","70810","19588","270969","17950","379317"
"2020/01/21","235417","3063","199644","27262","465386"
"2020/01/20","133937","600","261010","10831","406378"
"2020/01/17","172427","184622","216222","1466","574737"
"2020/01/16","203072","6646","251672","11907","473297"
"2020/01/15","315623","8907","542215","80591","947336"
"2020/01/14","804291","31833","1285023","215656","2336803"
"2020/01/13","388727","98698","953789","88108","1529322"
"2020/01/10","163746","6255","512167","29976","712144"
"2020/01/09","106041","1586","270585","32621","410833"
"2020/01/08","249571","62927","710590","111309","1134397"
"2020/01/07","181171","34204","463014","151216","829605"
"2020/01/06","115403","43149","489788","356863","1005203"
"2020/01/03","62544","1500","321511","162423","547978"
"2020/01/02","205566","38000","318990","94818","657374"
"2019/12/30","59191","0","404919","8542","472652"
"2019/12/27","527316","3056","333678","25715","889765"
"2019/12/26","187928","31250","621625","29654","870457"
"2019/12/24","113713","35379","331935","6521","487548"
"2019/12/23","75762","410","225371","93770","395313"
"2019/12/20","120042","19400","315593","17529","472564"
"2019/12/19","289145","19566","527374","4474","840559"
"2019/12/18","60275","2760","436146","24015","523196"
"2019/12/17","51885","57818","391421","4570","505694"
"2019/12/16","927464","6338","398834","54942","1387578"
"2019/12/13","1042718","14260","380656","28780","1466414"
"2019/12/12","611694","5578","194731","22","812025"
"2019/12/11","638026","450","184886","27874","851236"
"2019/12/10","521368","30710","198781","31341","782200"
"2019/12/09","363533","5771","388502","13679","771485"
"2019/12/06","400651","30530","515766","367","947314"
"2019/12/05","275834","26307","649884","2952","954977"
"2019/12/04","362405","29501","391599","22490","805995"
"2019/12/03","546807","176513","858095","69812","1651227"
"2019/12/02","878633","213276","1892947","43415","3028271"
"2019/11/29","335463","104","226334","29425","591326"
"2019/11/28","217269","110","212724","1079","431182"
"2019/11/27","410541","100","281978","13504","706123"
"2019/11/26","167764","26460","339204","10990","544418"
"2019/11/25","124370","48261","337782","11552","521965"
"2019/11/22","182107","10635","549882","32471","775095"
"2019/11/21","162342","41121","366610","38306","608379"
"2019/11/20","152312","31320","390454","7886","581972"
"2019/11/19","453531","37420","666078","19107","1176136"
"2019/11/18","118842","84273","907269","3985","1114369"
"2019/11/15","322429","50404","873645","10462","1256940"
"2019/11/14","154831","11380","815392","9434","991037"
"2019/11/13","362611","33105","723608","1685","1121009"
"2019/11/12","253562","86181","941860","927","1282530"
"2019/11/11","226838","24957","853468","3145","1108408"
"2019/11/08","602770","103409","2120506","28106","2854791"
"2019/11/07","527955","122423","1446956","39895","2137229"
"2019/11/06","577823","48759","2303578","50597","2980757"
"2019/11/05","641665","206983","6822162","244899","7915709"
"2019/11/04","851587","219899","4096224","43279","5210989"
"2019/11/01","588188","277492","5598650","236052","6700382"
"2019/10/31","1392883","543479","36214194","258023","38408579"
"2019/10/30","6150573","1335470","38400544","517648","46404235"