일자,기관 합계,기타법인,개인,외국인 합계,전체
"2023/05/04","20922","22","40145","18924","80013"
"2023/05/03","34917","1","25268","38869","99055"
"2023/05/02","51129","347","54445","5743","111664"
"2023/04/28","91202","471","69933","28925","190531"
"2023/04/27","24841","5107","54907","28922","113777"
"2023/04/26","48102","17869","72906","33402","172279"
"2023/04/25","100140","80636","76156","169121","426053"
"2023/04/24","72251","2700","89641","2832","167424"
"2023/04/21","64416","700","77152","8872","151140"
"2023/04/20","61107","0","62284","37836","161227"
"2023/04/19","83148","56","212119","15552","310875"
"2023/04/18","104810","11006","95045","152551","363412"
"2023/04/17","183890","3142","201256","206913","595201"
"2023/04/14","86210","11232","161119","125477","384038"
"2023/04/13","89067","1162","117547","60418","268194"
"2023/04/12","69466","0","72869","109794","252129"
"2023/04/11","146258","300","163038","100641","410237"
"2023/04/10","141094","46901","148739","138736","475470"
"2023/04/07","136523","4395","175611","38163","354692"
"2023/04/06","105446","27199","198594","24531","355770"
"2023/04/05","38274","7700","85902","16468","148344"
"2023/04/04","18387","10718","54259","1706","85070"
"2023/04/03","31383","2134","73028","61688","168233"
"2023/03/31","31922","303","63197","7715","103137"
"2023/03/30","71564","1678","192192","16104","281538"
"2023/03/29","70166","987","67964","11838","150955"
"2023/03/28","26603","1438","94817","4455","127313"
"2023/03/27","34781","1256","101490","15043","152570"
"2023/03/24","34146","3055","84707","23011","144919"
"2023/03/23","27444","5413","69061","8167","110085"
"2023/03/22","28307","2828","100334","4339","135808"
"2023/03/21","10071","1604","31523","3276","46474"
"2023/03/20","38487","6126","104708","3399","152720"
"2023/03/17","23031","4309","57132","125167","209639"
"2023/03/16","57062","2","26524","4271","87859"
"2023/03/15","56410","49","39664","11796","107919"
"2023/03/14","40115","1","20217","12889","73222"
"2023/03/13","24813","0","19897","4415","49125"
"2023/03/10","32146","0","22831","15006","69983"
"2023/03/09","7338","19","21164","3073","31594"
"2023/03/08","32588","380","61289","4418","98675"
"2023/03/07","45395","708","67762","4502","118367"
"2023/03/06","39496","1001","52037","588","93122"
"2023/03/03","99942","2475","93025","28499","223941"
"2023/03/02","27412","2","27699","14793","69906"
"2023/02/28","19588","1","21949","5565","47103"
"2023/02/27","9826","207","32561","2859","45453"
"2023/02/24","25146","879","37400","15695","79120"
"2023/02/23","10788","0","70305","18615","99708"
"2023/02/22","12143","202","38955","6898","58198"
"2023/02/21","13081","427","45429","345","59282"
"2023/02/20","11316","1679","46147","3074","62216"
"2023/02/17","21958","3","16313","4127","42401"
"2023/02/16","28260","551","37104","23224","89139"
"2023/02/15","27693","419","26574","5858","60544"
"2023/02/14","22064","436","25990","1912","50402"
"2023/02/13","23769","1247","50134","21481","96631"
"2023/02/10","18541","733","27288","3294","49856"
"2023/02/09","30595","92","40837","13916","85440"
"2023/02/08","32602","315","27766","3546","64229"
"2023/02/07","29852","1006","29611","7515","67984"
"2023/02/06","25628","1","22197","9065","56891"
"2023/02/03","32912","22296","45949","35242","136399"
"2023/02/02","50959","7638","8507","6700","73804"
"2023/02/01","32395","7393","26032","9741","75561"
"2023/01/31","27353","0","23151","23583","74087"
"2023/01/30","41195","66","25362","16223","82846"
"2023/01/27","37921","2581","14647","18810","73959"
"2023/01/26","42511","11200","14407","6361","74479"
"2023/01/25","27464","0","16013","25659","69136"
"2023/01/20","36700","102","13850","20966","71618"
"2023/01/19","22528","40771","7240","634","71173"
"2023/01/18","41327","2","12488","18350","72167"
"2023/01/17","29449","1","11192","502","41144"
"2023/01/16","37796","2","15394","16867","70059"
"2023/01/13","8743","2","23843","2728","35316"
"2023/01/12","7460","602","17221","4000","29283"
"2023/01/11","10230","3","13473","7145","30851"
"2023/01/10","24553","3045","25254","17696","70548"
"2023/01/09","29112","0","22320","18797","70229"
"2023/01/06","27009","1","13062","12930","53002"
"2023/01/05","37536","54","42424","54430","134444"
"2023/01/04","18240","204256","22494","16228","261218"
"2023/01/03","24956","14142","9647","35118","83863"
"2023/01/02","30591","10470","8359","45406","94826"
"2022/12/29","13152","133","7820","4988","26093"
"2022/12/28","12210","730","13736","8923","35599"
"2022/12/27","22188","0","21300","518","44006"
"2022/12/26","31952","1","14224","1577","47754"
"2022/12/23","36749","1","11986","10483","59219"
"2022/12/22","47861","101","32054","17834","97850"
"2022/12/21","15295","3","12580","18628","46506"
"2022/12/20","29750","123","19572","7796","57241"
"2022/12/19","19982","1546","18223","22276","62027"
"2022/12/16","45615","101","11371","29193","86280"
"2022/12/15","28606","24","23807","16405","68842"
"2022/12/14","35445","3","13689","21411","70548"
"2022/12/13","6056","697","25002","6323","38078"
"2022/12/12","8238","1003","17152","5999","32392"
"2022/12/09","61367","1016","18504","3993","84880"
"2022/12/08","23338","1091","16651","1026","42106"
"2022/12/07","17462","0","12992","844","31298"
"2022/12/06","23125","161","25236","5081","53603"
"2022/12/05","29037","362","22626","8438","60463"
"2022/12/02","17279","601","30309","5581","53770"
"2022/12/01","20777","50","20299","8387","49513"
"2022/11/30","6610","2906","14571","10756","34843"
"2022/11/29","6507","192","8862","14066","29627"
"2022/11/28","52315","1201","35012","7413","95941"
"2022/11/25","22206","101","14578","2242","39127"
"2022/11/24","19760","144","24156","18808","62868"
"2022/11/23","25868","1574","36802","18646","82890"
"2022/11/22","24223","130","12193","4862","41408"
"2022/11/21","21296","44","15279","1289","37908"
"2022/11/18","27537","43","11930","1530","41040"
"2022/11/17","25790","104","15273","762","41929"
"2022/11/16","38047","2105","30910","6024","77086"
"2022/11/15","48232","1000","19087","3006","71325"
"2022/11/14","23228","200","12420","16120","51968"
"2022/11/11","41665","42","30948","56091","128746"
"2022/11/10","38901","1044","17484","27105","84534"
"2022/11/09","26783","33","11548","19820","58184"
"2022/11/08","24341","543","21040","3528","49452"
"2022/11/07","19971","54126","25625","9229","108951"
"2022/11/04","37627","2027","21955","24102","85711"
"2022/11/03","30019","1378","37313","27044","95754"
"2022/11/02","101336","2051","141265","78654","323306"
"2022/11/01","55950","1542","44112","12785","114389"
"2022/10/31","57630","3","39542","102570","199745"
"2022/10/28","4049","300","26973","26216","57538"
"2022/10/27","20048","111","21845","11958","53962"
"2022/10/26","27992","102","17629","25967","71690"
"2022/10/25","10977","0","11809","8867","31653"
"2022/10/24","9284","4","6511","25338","41137"
"2022/10/21","48821","300","25997","26285","101403"
"2022/10/20","71770","604","34369","147876","254619"
"2022/10/19","57029","12602","52887","96508","219026"
"2022/10/18","38120","10016","42031","156752","246919"
"2022/10/17","23517","2151","89790","105680","221138"
"2022/10/14","31176","99","45244","24891","101410"
"2022/10/13","93837","1204","77276","53139","225456"
"2022/10/12","29402","116","23666","33733","86917"
"2022/10/11","22601","2900","49312","38725","113538"
"2022/10/07","20564","0","18933","39101","78598"
"2022/10/06","24879","3739","25625","3235","57478"
"2022/10/05","42875","4632","41738","79433","168678"
"2022/10/04","23201","17","16551","23477","63246"
"2022/09/30","110171","108","42497","44006","196782"
"2022/09/29","50867","7001","30065","6389","94322"
"2022/09/28","42199","14028","36259","36364","128850"
"2022/09/27","57431","0","33729","10912","102072"
"2022/09/26","111038","15400","50240","17679","194357"
"2022/09/23","37643","12626","14827","12037","77133"
"2022/09/22","29568","15487","4297","23448","72800"
"2022/09/21","10384","14248","21571","5035","51238"
"2022/09/20","19961","3565","1642","1925","27093"
"2022/09/19","79928","14831","12051","20804","127614"
"2022/09/16","55197","904","76393","1398096","1530590"
"2022/09/15","61791","1400","4042","76135","143368"
"2022/09/14","30044","103","69870","96975","196992"
"2022/09/13","8910","2112","7516","161814","180352"
"2022/09/08","26328","1268","16150","29460","73206"
"2022/09/07","30547","807","12779","41310","85443"
"2022/09/06","9981","200","16967","43498","70646"
"2022/09/05","3898","209","7716","18514","30337"
"2022/09/02","3919","54","13268","22388","39629"
"2022/09/01","22766","1965","22339","45284","92354"
"2022/08/31","18711","10100","12254","46160","87225"
"2022/08/30","21918","331","12608","40318","75175"
"2022/08/29","22410","669","26647","34068","83794"
"2022/08/26","18820","2000","20759","37794","79373"
"2022/08/25","42324","0","22735","35887","100946"
"2022/08/24","17900","10010","20537","42022","90469"
"2022/08/23","21211","10001","12943","72984","117139"
"2022/08/22","41814","11400","51054","27164","131432"
"2022/08/19","32084","5114","19181","141398","197777"
"2022/08/18","18390","10000","39515","130747","198652"
"2022/08/17","18806","10003","25239","110798","164846"
"2022/08/16","42370","230","117083","64426","224109"
"2022/08/12","45020","604","63906","85502","195032"
"2022/08/11","6870","961","20344","11369","39544"
"2022/08/10","9192","200","5326","8740","23458"
"2022/08/09","11727","801","9633","24357","46518"
"2022/08/08","27710","1130","39315","33002","101157"
"2022/08/05","25553","3184","36153","9276","74166"
"2022/08/04","40649","3","36665","32273","109590"
"2022/08/03","42244","7","24810","15091","82152"
"2022/08/02","17833","1000","28664","58418","105915"
"2022/08/01","38043","3716","15679","6607","64045"
"2022/07/29","29869","10672","26890","30524","97955"
"2022/07/28","31931","1948","33856","21404","89139"
"2022/07/27","40476","129","22209","25364","88178"
"2022/07/26","28540","10000","3956","12534","55030"
"2022/07/25","49264","20543","14632","22095","106534"
"2022/07/22","72376","518","23208","71209","167311"
"2022/07/21","80489","60645","12409","53807","207350"
"2022/07/20","72085","42472","19146","81794","215497"
"2022/07/19","30297","1106","6706","59590","97699"
"2022/07/18","53153","594","6955","63210","123912"
"2022/07/15","20385","100","10792","51030","82307"
"2022/07/14","2729","0","7039","12248","22016"
"2022/07/13","12360","1","14656","46367","73384"
"2022/07/12","19118","24","14074","23315","56531"
"2022/07/11","18248","100","12435","31212","61995"
"2022/07/08","21449","1","7084","15912","44446"
"2022/07/07","15968","101","11730","9364","37163"
"2022/07/06","40266","300","11020","22081","73667"
"2022/07/05","46082","1060","43644","26568","117354"
"2022/07/04","35964","1384","28180","23673","89201"
"2022/07/01","40554","201","7617","15756","64128"
"2022/06/30","31090","116","27235","26703","85144"
"2022/06/29","12319","6942","7993","15415","42669"
"2022/06/28","97307","8596","5931","23825","135659"
"2022/06/27","85266","8213","20558","34778","148815"
"2022/06/24","88619","7168","27581","51739","175107"
"2022/06/23","171000","8267","56817","98026","334110"
"2022/06/22","57070","1000","38246","35565","131881"
"2022/06/21","77724","3584","48088","34555","163951"
"2022/06/20","81619","31561","63775","47123","224078"
"2022/06/17","77508","18656","67664","16536","180364"
"2022/06/16","28843",,"21055","17287","67185"
"2022/06/15","48250","872","36680","3798","89600"
"2022/06/14","55507","2","32318","14528","102355"
"2022/06/13","48761","1219","23177","28815","101972"
"2022/06/10","35229","0","9204","6618","51051"
"2022/06/09","24038","703","11303","4791","40835"
"2022/06/08","38299","611","13813","11872","64595"
"2022/06/07","79388","1010","32738","27500","140636"
"2022/06/03","94931","9","23146","19668","137754"
"2022/06/02","108037","0","45756","19880","173673"
"2022/05/31","85094","1008","32008","47860","165970"
"2022/05/30","73734","1316","32536","11793","119379"
"2022/05/27","79727","1","30549","7123","117400"
"2022/05/26","179070","13","20275","24827","224185"
"2022/05/25","164942","9005","42632","16291","232870"
"2022/05/24","115276","0","6616","29428","151320"
"2022/05/23","60078","0","4772","14929","79779"
"2022/05/20","243745","4739","25462","58861","332807"
"2022/05/19","133064","1008","17688","7595","159355"
"2022/05/18","85775","3165","23080","15249","127269"
"2022/05/17","153106","5013","67950","3265","229334"
"2022/05/16","92518","97","27066","8679","128360"
"2022/05/13","212689","2218","43198","3756","261861"
"2022/05/12","115127","3","13978","10545","139653"
"2022/05/11","110117","21","19239","22481","151858"
"2022/05/10","133990","4010","38188","32999","209187"
"2022/05/09","55359","3018","57097","21645","137119"
"2022/05/06","51080","3017","66947","26756","147800"
"2022/05/04","57530","5314","38538","27058","128440"
"2022/05/03","105027","3001","87109","57880","253017"
"2022/05/02","119747","1997","79965","43027","244736"
"2022/04/29","213284","7160","21822","48535","290801"
"2022/04/28","231300","5004","128242","19193","383739"
"2022/04/27","144415","751","29439","45647","220252"
"2022/04/26","153153","10000","113694","882729","1159576"
"2022/04/25","72342","0","20289","45585","138216"
"2022/04/22","51436","0","19523","44072","115031"
"2022/04/21","91936","5504","20067","16520","134027"
"2022/04/20","113679","1","10280","55014","178974"
"2022/04/19","64540","0","14866","19984","99390"
"2022/04/18","72713","0","42262","13678","128653"
"2022/04/15","132657","0","76534","61155","270346"
"2022/04/14","82690","0","34597","27712","144999"
"2022/04/13","99359","1270","38525","40010","179164"
"2022/04/12","85933","0","26555","48173","160661"
"2022/04/11","81517","0","12234","25787","119538"
"2022/04/08","68671","3301","31696","12861","116529"
"2022/04/07","60372","3002","32929","29192","125495"
"2022/04/06","231475","1192","55354","48883","336904"
"2022/04/05","231109","1912","45806","83074","361901"
"2022/04/04","138010","13321","236475","154204","542010"
"2022/04/01","151888","12758","71632","37669","273947"
"2022/03/31","190219","2331","168184","86632","447366"
"2022/03/30","186777","1662","144142","189761","522342"
"2022/03/29","38870","7731","60127","30091","136819"
"2022/03/28","48484","1917","48930","9061","108392"
"2022/03/25","118687","3925","104487","30576","257675"
"2022/03/24","40878","11637","47641","16087","116243"
"2022/03/23","66423","6699","61667","11040","145829"
"2022/03/22","60533","0","31104","28068","119705"
"2022/03/21","27135","3707","23294","3907","58043"
"2022/03/18","26346","605","15007","28727","70685"
"2022/03/17","26065","3633","39071","3227","71996"
"2022/03/16","19686","2049","10685","2649","35069"
"2022/03/15","62106","490","17526","16372","96494"
"2022/03/14","36995","1464","21390","8353","68202"
"2022/03/11","44267","5587","27678","8007","85539"
"2022/03/10","57244","1150","91567","33064","183025"
"2022/03/08","49742","3886","52605","7731","113964"
"2022/03/07","32106","2505","54260","6686","95557"
"2022/03/04","27545","2679","16560","2718","49502"
"2022/03/03","142286","8164","23118","13822","187390"
"2022/03/02","99093","1","34598","13982","147674"
"2022/02/28","81981","7799","52202","29270","171252"
"2022/02/25","17002","2200","18018","6760","43980"
"2022/02/24","47637","0","20712","20800","89149"
"2022/02/23","14914","20","13389","3320","31643"
"2022/02/22","264448","500","51105","325","316378"
"2022/02/21","8725","2000","9362","8026","28113"
"2022/02/18","22213","11795","41808","5820","81636"
"2022/02/17","42881","19234","59376","10782","132273"
"2022/02/16","43634","13940","61469","5179","124222"
"2022/02/15","7632","1","31466","7054","46153"
"2022/02/14","11719","730","23208","333","35990"
"2022/02/11","46986","13059","42110","12343","114498"
"2022/02/10","43669","0","5661","34495","83825"
"2022/02/09","27333","0","24879","10732","62944"
"2022/02/08","32576","0","19123","18967","70666"
"2022/02/07","26389","0","6607","9100","42096"
"2022/02/04","23747","0","27245","12764","63756"
"2022/02/03","31230","2503","32858","28756","95347"
"2022/01/28","44013","5012","23922","3839","76786"
"2022/01/27","100931","6755","89385","34772","231843"
"2022/01/26","37642","1800","3245","8494","51181"
"2022/01/25","76452","1050","25919","7940","111361"
"2022/01/24","34493","7","23273","8659","66432"
"2022/01/21","21305","107","14192","11266","46870"
"2022/01/20","34357","0","1561","5","35923"
"2022/01/19","38163","0","8683","7381","54227"
"2022/01/18","35026","0","5498","2172","42696"
"2022/01/17","28447","0","8184","1916","38547"
"2022/01/14","29341","0","6025","12071","47437"
"2022/01/13","33259","87","6894","736","40976"
"2022/01/12","17822","3546","2930","5711","30009"
"2022/01/11","33927","0","13566","3649","51142"
"2022/01/10","54693","7795","19471","6596","88555"
"2022/01/07","13893","8563","8610","1612","32678"
"2022/01/06","40139","4169","6718","7423","58449"
"2022/01/05","28732","1015","9412","9104","48263"
"2022/01/04","69096","1000","12210","24114","106420"
"2022/01/03","24400","0","33108","9083","66591"
"2021/12/30","32130",,"19307","13711","65148"
"2021/12/29","42209","1","18530","15709","76449"
"2021/12/28","7155","5","32049","113910","153119"
"2021/12/27","3484","0","20748","11104","35336"
"2021/12/24","9634","255","56610","3648","70147"
"2021/12/23","19548","3407","31580","14749","69284"
"2021/12/22","3772","4493","22178","10727","41170"
"2021/12/21","41426","1","23073","19609","84109"
"2021/12/20","53156","9520","30797","6835","100308"
"2021/12/17","15384","16015","27939","23108","82446"
"2021/12/16","10295","94","8491","866","19746"
"2021/12/15","5227","2581","11060","581","19449"
"2021/12/14","23924",,"6862","475","31261"
"2021/12/13","20859","0","5883","187","26929"
"2021/12/10","26939","1","39707","7300","73947"
"2021/12/09","17173","9","53798","3180","74160"
"2021/12/08","21030","0","15175","2","36207"
"2021/12/07","18822","0","33991","8192","61005"
"2021/12/06","20338","178","22695","2096","45307"
"2021/12/03","19602","2000","14465","5266","41333"
"2021/12/02","31867","750","7841","4265","44723"
"2021/12/01","46889","4091","31271","14803","97054"
"2021/11/30","49895","1539","39962","1808","93204"
"2021/11/29","38184","2504","18232","3703","62623"
"2021/11/26","21738","5065","25567","3520","55890"
"2021/11/25","44889","3969","5497","2353","56708"
"2021/11/24","19671","2048","34860","2886","59465"
"2021/11/23","35795",,"24883","3219","63897"
"2021/11/22","19752","30","19085","11","38878"
"2021/11/19","9504",,"16875","742","27121"
"2021/11/18","13954","0","20420","5748","40122"
"2021/11/17","18433",,"17245","7","35685"
"2021/11/16","10189","0","24023","2131","36343"
"2021/11/15","21504","1","23872","8168","53545"
"2021/11/12","12825","13","12535","6897","32270"
"2021/11/11","19591","0","30372","6943","56906"
"2021/11/10","39268","2","16298","127","55695"
"2021/11/09","25850","3000","22271","1122","52243"
"2021/11/08","13556","1000","17244","4643","36443"
"2021/11/05","47366","1","59516","7201","114084"
"2021/11/04","36835","4","15784","2583","55206"
"2021/11/03","19832","5468","55214","1083","81597"
"2021/11/02","50456","9310","52713","4496","116975"
"2021/11/01","56236","2000","84974","9097","152307"
"2021/10/29","52276","1101","19714","766","73857"
"2021/10/28","28508","1753","14026","6359","50646"
"2021/10/27","28394","2619","53484","3944","88441"
"2021/10/26","16630","0","25338","21416","63384"
"2021/10/25","26448","3186","20603","3011","53248"
"2021/10/22","14120","10","10005","16689","40824"
"2021/10/21","27472","1000","6105","440","35017"
"2021/10/20","32920","1125","17342","13417","64804"
"2021/10/19","31044","0","48711","19298","99053"
"2021/10/18","16069","0","17640","13432","47141"
"2021/10/15","26084","17327","45965","8801","98177"
"2021/10/14","64543","2000","35217","7066","108826"
"2021/10/13","66527","0","12219","4233","82979"
"2021/10/12","22399","2000","74355","4996","103750"
"2021/10/08","24219","1000","23806","8709","57734"
"2021/10/07","57462",,"33076","16861","107399"
"2021/10/06","67887","10","46534","236889","351320"
"2021/10/05","59465","1930","41547","10314","113256"
"2021/10/01","27845","1454","69593","3718","102610"
"2021/09/30","19121","3141","23081","11637","56980"
"2021/09/29","47440","6438","97323","16510","167711"
"2021/09/28","14979","11956","79890","21685","128510"
"2021/09/27","24501","6679","120933","21457","173570"
"2021/09/24","13319","1","80058","2445","95823"
"2021/09/23","10622","0","59759","19888","90269"
"2021/09/17","23612","200","40551","455","64818"
"2021/09/16","10446","1000","23764","1712","36922"
"2021/09/15","6731","0","23779","2149","32659"
"2021/09/14","12669","25","35872","3266","51832"
"2021/09/13","16079","0","41875","6686","64640"
"2021/09/10","4842","0","12977","2595","20414"
"2021/09/09","12536","3000","34454","10598","60588"
"2021/09/08","11603","650","32941","14901","60095"
"2021/09/07","2055","5","50842","14122","67024"
"2021/09/06","13450","11200","16979","9608","51237"
"2021/09/03","17909","3000","94025","30057","144991"
"2021/09/02","20274","3000","27054","10495","60823"
"2021/09/01","66821","5000","37983","11531","121335"
"2021/08/31","60679","2445","38973","22600","124697"
"2021/08/30","18557","100","21544","257","40458"
"2021/08/27","14571","2","29143","4011","47727"
"2021/08/26","31900","0","19158","521","51579"
"2021/08/25","19767","1305","15309","955","37336"
"2021/08/24","20437",,"18975","2531","41943"
"2021/08/23","14343","1134","19679","2792","37948"
"2021/08/20","38233","561","67579","6644","113017"
"2021/08/19","40048","4714","47930","3658","96350"
"2021/08/18","59386","3208","50762","13908","127264"
"2021/08/17","54597","14169","31644","1309","101719"
"2021/08/13","51664","124","35954","13703","101445"
"2021/08/12","27983","880","31333","24211","84407"
"2021/08/11","51283","2982","14766","28","69059"
"2021/08/10","20076","763","40848","13","61700"
"2021/08/09","14661","490","23287","28","38466"
"2021/08/06","45313","0","36878","2137","84328"
"2021/08/05","5720",,"24452","4315","34487"
"2021/08/04","78907","100","38359","15012","132378"
"2021/08/03","14006","190","29061","17228","60485"
"2021/08/02","33932","200","15262","12442","61836"
"2021/07/30","32934","100","21362","12453","66849"
"2021/07/29","51658","1770","43945","3326","100699"
"2021/07/28","20894","200","19330","2107","42531"
"2021/07/27","20145","2429","48059","1136","71769"
"2021/07/26","28942","2785","23717","2384","57828"
"2021/07/23","26088","1978","38225","3429","69720"
"2021/07/22","13520","200","33819","2316","49855"
"2021/07/21","11506","303","23403","200269","235481"
"2021/07/20","62159","4997","67686","7119","141961"
"2021/07/19","65429","200","64749","6376","136754"
"2021/07/16","41224","327","48230","4121","93902"
"2021/07/15","122777","100","47423","34271","204571"
"2021/07/14","33252","1899","53395","6454","95000"
"2021/07/13","33069","22221","52091","13815","121196"
"2021/07/12","22622","700","42843","7165","73330"
"2021/07/09","65314","211","56755","17552","139832"
"2021/07/08","77027","1200","65257","5584","149068"
"2021/07/07","45832","3164","74405","235","123636"
"2021/07/06","21310","2876","91734","3959","119879"
"2021/07/05","32945","2386","107506","10723","153560"
"2021/07/02","34559","1000","41473","3988","81020"
"2021/07/01","17995","1322","91791","86","111194"
"2021/06/30","30877","2271","42928","2220","78296"
"2021/06/29","34643","225","24618","2220","61706"
"2021/06/28","23221","500","45351","88","69160"
"2021/06/25","40693","1000","49668","6055","97416"
"2021/06/24","28245","700","43859","4578","77382"
"2021/06/23","44812","452","40665","1767","87696"
"2021/06/22","16201","0","21876","4476","42553"
"2021/06/21","59225","10913","80638","1214","151990"
"2021/06/18","24855",,"60550","10401","95806"
"2021/06/17","29353","1520","47077","236","78186"
"2021/06/16","33273","4260","77906","5838","121277"
"2021/06/15","75517","939","77585","19527","173568"
"2021/06/14","54792","10297","125592","2601","193282"
"2021/06/11","87659","7819","133990","338","229806"
"2021/06/10","25982","3284","42571","3002","74839"
"2021/06/09","102923","19181","37188","7767","167059"
"2021/06/08","33487","2500","64187","6729","106903"
"2021/06/07","62941","5000","58966","4343","131250"
"2021/06/04","73330","10","55533","11084","139957"
"2021/06/03","97950","6","37767","6201","141924"
"2021/06/02","133231","6004","80147","65835","285217"
"2021/06/01","107411","777","44828","17000","170016"
"2021/05/31","66298","0","24196","12172","102666"
"2021/05/28","64528","4773","31589","13178","114068"
"2021/05/27","51683","0","57166","10958","119807"
"2021/05/26","16489","1241","32370","4512","54612"
"2021/05/25","41361","3660","40916","11162","97099"
"2021/05/24","23470","1006","27753","5207","57436"
"2021/05/21","36715","6","40138","13713","90572"
"2021/05/20","31561","20","16918","9928","58427"
"2021/05/18","43332","0","19983","10225","73540"
"2021/05/17","33515","1007","44704","7460","86686"
"2021/05/14","32486","10265","37799","3528","84078"
"2021/05/13","76626","246","34576","26348","137796"
"2021/05/12","67789","0","57967","7714","133470"
"2021/05/11","68103","1160","35290","47773","152326"
"2021/05/10","63729","2000","74327","48185","188241"
"2021/05/07","40732",,"37162","11335","89229"
"2021/05/06","43505",,"34337","39668","117510"
"2021/05/04","104167","13316","127725","20311","265519"
"2021/05/03","59719","0","38647","21469","119835"
"2021/04/30","68090","3614","50849","29323","151876"
"2021/04/29","69287","0","57292","36290","162869"
"2021/04/28","95555","408","66294","7719","169976"
"2021/04/27","62509","5086","93444","63171","224210"
"2021/04/26","78314","6450","67912","22586","175262"
"2021/04/23","88507","0","73820","41080","203407"
"2021/04/22","101281","1007","81424","44654","228366"
"2021/04/21","39787","1093","48873","16073","105826"
"2021/04/20","26466","1206","49096","51106","127874"
"2021/04/19","33007","1","51539","8798","93345"
"2021/04/16","26553","0","22054","14204","62811"
"2021/04/15","18197",,"31248","6720","56165"
"2021/04/14","31821",,"27956","8940","68717"
"2021/04/13","39077","0","60600","18603","118280"
"2021/04/12","14234","1300","38536","15273","69343"
"2021/04/09","64950","14130","29380","10614","119074"
"2021/04/08","45453","100","49732","16728","112013"
"2021/04/07","31694","10","28355","17086","77145"
"2021/04/06","67668","10239","63327","4715","145949"
"2021/04/05","38517","7247","58914","1139","105817"
"2021/04/02","55307","4159","76128","107","135701"
"2021/04/01","52388","5177","36765","12392","106722"
"2021/03/31","35008","3580","55611","17936","112135"
"2021/03/30","64515","581","111487","16866","193449"
"2021/03/29","190741","1606","112851","15920","321118"
"2021/03/26","228103","2","78581","61036","367722"
"2021/03/25","99347","0","53051","54193","206591"
"2021/03/24","22334","40","70886","12863","106123"
"2021/03/23","29849","105","50390","13865","94209"
"2021/03/22","30040","992","41598","19042","91672"
"2021/03/19","27374","15502","70149","7229","120254"
"2021/03/18","18114","503","64598","1846","85061"
"2021/03/17","36530","504","33466","7485","77985"
"2021/03/16","40575","2676","62735","8756","114742"
"2021/03/15","12980","1","37128","13164","63273"
"2021/03/12","29115","2004","21869","442","53430"
"2021/03/11","1044322","5","29555","6614","1080496"
"2021/03/10","30716","2","15906","3217","49841"
"2021/03/09","16463","6","34305","4307","55081"
"2021/03/08","32883","10465","55893","690","99931"
"2021/03/05","54081","1779","39096","734","95690"
"2021/03/04","20685","353","29336","325","50699"
"2021/03/03","16266","2153","19675","680","38774"
"2021/03/02","25793","1","46360","8253","80407"
"2021/02/26","64661","2","21346","6763","92772"
"2021/02/25","47774","0","28527","5999","82300"
"2021/02/24","74380","0","25369","8057","107806"
"2021/02/23","61594","2703","33935","4629","102861"
"2021/02/22","25793","0","28405","7535","61733"
"2021/02/19","43597","1","38839","7320","89757"
"2021/02/18","32819","703","38153","13363","85038"
"2021/02/17","52881","13455","51141","14238","131715"
"2021/02/16","19180","2290","23661","11169","56300"
"2021/02/15","57435","1150","105547","15646","179778"
"2021/02/10","10475","22539","42128","1252","76394"
"2021/02/09","46711","300","33945","9169","90125"
"2021/02/08","20063","280","53301","12195","85839"
"2021/02/05","16011","700","22531","11329","50571"
"2021/02/04","15817","4071","20246","6443","46577"
"2021/02/03","20930","15098","32028","6855","74911"
"2021/02/02","17668","30663","22270","28607","99208"
"2021/02/01","24882","3060","35976","4911","68829"
"2021/01/29","44257","2071","63335","4763","114426"
"2021/01/28","34170","0","28256","4163","66589"
"2021/01/27","57080","1700","21918","4247","84945"
"2021/01/26","16320","0","26469","1639","44428"
"2021/01/25","47682","3002","57796","24099","132579"
"2021/01/22","50154","1013","31098","1895","84160"
"2021/01/21","27882","2145","28832","4911","63770"
"2021/01/20","45216","2055","21158","5210","73639"
"2021/01/19","24576","533","75937","7181","108227"
"2021/01/18","86214","2696","57988","3028","149926"
"2021/01/15","24157","1099","57382","1929","84567"
"2021/01/14","25058","201","55639","4380","85278"
"2021/01/13","16868","3300","76843","2275","99286"
"2021/01/12","24266","0","62220","13047","99533"
"2021/01/11","39261","3000","169330","7588","219179"
"2021/01/08","20525","3500","58134","1045","83204"
"2021/01/07","15355","200","61788","4370","81713"
"2021/01/06","62340","0","51939","10317","124596"
"2021/01/05","71183","0","66206","3475","140864"
"2021/01/04","42059","0","74066","3828","119953"
"2020/12/30","47404","100","21792","3859","73155"
"2020/12/29","21346","10700","56488","6948","95482"
"2020/12/28","32748","0","43261","7416","83425"
"2020/12/24","44860","0","34619","6434","85913"
"2020/12/23","26852","1500","31287","2091","61730"
"2020/12/22","10495","0","21308","887","32690"
"2020/12/21","34179","0","32579","2139","68897"
"2020/12/18","25453","100","21146","6496","53195"
"2020/12/17","56513","0","52071","16103","124687"
"2020/12/16","15650","0","21966","7158","44774"
"2020/12/15","54241","5000","84185","5657","149083"
"2020/12/14","54516","10600","63964","7216","136296"
"2020/12/11","92775","0","80258","9712","182745"
"2020/12/10","56747","0","35920","5487","98154"
"2020/12/09","53374","0","46209","0","99583"
"2020/12/08","25321",,"27657","4256","57234"
"2020/12/07","69376","0","66138","4560","140074"
"2020/12/04","11667","0","41184","2951","55802"
"2020/12/03","11674","0","46980","278","58932"
"2020/12/02","716","1202","39980","704","42602"
"2020/12/01","15193","4031","35284","871","55379"
"2020/11/30","53880","135","43339","7038","104392"
"2020/11/27","13934","3970","37537","2","55443"
"2020/11/26","19279",,"25463","574","45316"
"2020/11/25","14019",,"24212","1555","39786"
"2020/11/24","36352","150","51770","13382","101654"
"2020/11/23","21066","300","38093","9319","68778"
"2020/11/20","12552",,"93189","12965","118706"
"2020/11/19","37871","300","34867","0","73038"
"2020/11/18","20017",,"35058","6513","61588"
"2020/11/17","25545","200","18588","10","44343"
"2020/11/16","22451",,"33685","4451","60587"
"2020/11/13","26962","400","22888","819","51069"
"2020/11/12","9797","0","11969","1691","23457"
"2020/11/11","32431","194","33934","958","67517"
"2020/11/10","36141","400","27385","15150","79076"
"2020/11/09","28290",,"34206","5","62501"
"2020/11/06","12332","410","17945","14222","44909"
"2020/11/05","41730",,"39868","1006","82604"
"2020/11/04","27892",,"21559","2869","52320"
"2020/11/03","32791","10000","17476","3496","63763"
"2020/11/02","77229",,"24976","2736","104941"
"2020/10/30","105834","0","33209","13234","152277"
"2020/10/29","9373","2025","68714","2299","82411"
"2020/10/28","12843","8217","30462","6464","57986"
"2020/10/27","54618",,"63903","12766","131287"
"2020/10/26","43067","7858","56184","80","107189"
"2020/10/23","44343","8706","102903","216","156168"
"2020/10/22","56971","8563","62431","9943","137908"
"2020/10/21","26811","2219","77808","5925","112763"
"2020/10/20","22323","24433","43543","13050","103349"
"2020/10/19","61466","580","34239","13234","109519"
"2020/10/16","76955","3258","24209","4208","108630"
"2020/10/15","75113","0","25621","7103","107837"
"2020/10/14","27524","200","48250","2585","78559"
"2020/10/13","29334","297","46787","6762","83180"
"2020/10/12","23562","147","19426","1806","44941"
"2020/10/08","33508","0","46182","3107","82797"
"2020/10/07","33802","448","72252","7410","113912"
"2020/10/06","19722","647","28621","1113","50103"
"2020/10/05","49958","148","24233","7032","81371"
"2020/09/29","79705","448","17954","9029","107136"
"2020/09/28","45873","306","65211","17870","129260"
"2020/09/25","11998",,"121045","19489","152532"
"2020/09/24","22777","1010","58734","31122","113643"
"2020/09/23","28369","1000","28988","25860","84217"
"2020/09/22","22159","500","33936","9747","66342"
"2020/09/21","12843","200","49391","5360","67794"
"2020/09/18","13891","2000","43673","11185","70749"
"2020/09/17","17914","100","23873","369","42256"
"2020/09/16","16689","420","48491","3871","69471"
"2020/09/15","16092","3491","72660","9548","101791"
"2020/09/14","11594","2150","88325","5578","107647"
"2020/09/11","18816","2000","48680","1192","70688"
"2020/09/10","10430","748","75463","2446","89087"
"2020/09/09","22478","380","78649","5128","106635"
"2020/09/08","11412","12000","129674","13042","166128"
"2020/09/07","12677","0","62611","2881","78169"
"2020/09/04","25858","150","61569","6043","93620"
"2020/09/03","39400","376","18745","5535","64056"
"2020/09/02","6936","400","29538","6080","42954"
"2020/09/01","15051","1500","37928","3092","57571"
"2020/08/31","26679","10829","54848","7646","100002"
"2020/08/28","19769","2100","24513","8035","54417"
"2020/08/27","15436","194","45046","9549","70225"
"2020/08/26","12439","0","29327","9282","51048"
"2020/08/25","24208","2330","53585","22730","102853"
"2020/08/24","11530","600","44572","15698","72400"
"2020/08/21","22270","2392","44162","11080","79904"
"2020/08/20","21922","2395","73525","1521","99363"
"2020/08/19","36299","0","47012","9431","92742"
"2020/08/18","74375","1000","125529","2476","203380"
"2020/08/14","34714","0","56199","3505","94418"
"2020/08/13","42991","3303","72843","1836","120973"
"2020/08/12","22174","5058","105263","58624","191119"
"2020/08/11","21276","5111","111151","24839","162377"
"2020/08/10","12226","2245","82470","11498","108439"
"2020/08/07","31639","100","93558","21993","147290"
"2020/08/06","13198","1300","46935","9249","70682"
"2020/08/05","39225","3000","78557","3629","124411"
"2020/08/04","11986","100","85899","13762","111747"
"2020/08/03","17930","368","60080","5397","83775"
"2020/07/31","24398","100","44946","520","69964"
"2020/07/30","15390","0","44979","52","60421"
"2020/07/29","12082","300","54671","6877","73930"
"2020/07/28","36388","4176","41294","1490","83348"
"2020/07/27","37018","15700","106255","9028","168001"
"2020/07/24","35511","1100","69271","2013","107895"
"2020/07/23","25977","3505","47553","201","77236"
"2020/07/22","24652","3300","48723","1690","78365"
"2020/07/21","25925",,"78294","3244","107463"
"2020/07/20","18812","100","112326","36260","167498"
"2020/07/17","7183","6875","63656","6495","84209"
"2020/07/16","20373","300","59253","8655","88581"
"2020/07/15","12255","3200","53561","3737","72753"
"2020/07/14","11131","2500","29278","1003","43912"
"2020/07/13","69943","61","59686","10","129700"
"2020/07/10","33185","100","47698","78","81061"
"2020/07/09","44961","0","31653","6256","82870"
"2020/07/08","74894","800","118685","1110","195489"
"2020/07/07","32625","1000","60978","8471","103074"
"2020/07/06","45656","863","100864","3353","150736"
"2020/07/03","31732","10","52258","5017","89017"
"2020/07/02","15361","3","42287","10192","67843"
"2020/07/01","23075","1014","32868","6646","63603"
"2020/06/30","73559","1","27873","8334","109767"
"2020/06/29","40902","22","58250","1534","100708"
"2020/06/26","40180","0","35116","10027","85323"
"2020/06/25","29208","1105","71682","2011","104006"
"2020/06/24","17000","803","40619","5812","64234"
"2020/06/23","28411","4301","57838","1790","92340"
"2020/06/22","35344","2000","45455","817","83616"
"2020/06/19","18104","2002","55261","2781","78148"
"2020/06/18","23373","3","45992","15867","85235"
"2020/06/17","34448","200","31403","33928","99979"
"2020/06/16","22983","610","66979","6890","97462"
"2020/06/15","43890","6834","105221","9479","165424"
"2020/06/12","59899","1616","103248","22104","186867"
"2020/06/11","53264","7412","115254","17374","193304"
"2020/06/10","30630","5293","91684","49782","177389"
"2020/06/09","25923","10618","134471","52984","223996"
"2020/06/08","18316","8903","107173","29950","164342"
"2020/06/05","25019","3010","286576","49108","363713"
"2020/06/04","32823","6590","140037","14631","194081"
"2020/06/03","52293","4770","113509","22374","192946"
"2020/06/02","30414","1001","63253","38529","133197"
"2020/06/01","25760","1026","60964","15510","103260"
"2020/05/29","15911","200","28412","34424","78947"
"2020/05/28","24248","12","114843","43553","182656"
"2020/05/27","69386","1712","68797","9966","149861"
"2020/05/26","45672","1300","148284","47385","242641"
"2020/05/25","39863","1524","78780","31938","152105"
"2020/05/22","116888","1097","155434","56786","330205"
"2020/05/21","51075","4404","268576","84627","408682"
"2020/05/20","15303","1125","122612","35191","174231"
"2020/05/19","31814","1994","138833","91492","264133"
"2020/05/18","14667","3672","90443","32308","141090"
"2020/05/15","30343","0","46339","25722","102404"
"2020/05/14","58792","2042","178415","17636","256885"
"2020/05/13","32618","301","103853","11030","147802"
"2020/05/12","22723","404","99096","17311","139534"
"2020/05/11","12065","300","62196","35564","110125"
"2020/05/08","93858","382","107944","24656","226840"
"2020/05/07","85574","4103","81128","15799","186604"
"2020/05/06","30287","4100","40835","6015","81237"
"2020/05/04","11518","4402","61573","7290","84783"
"2020/04/29","32968","3000","32176","34955","103099"
"2020/04/28","22258","13405","30415","21150","87228"
"2020/04/27","11570","4920","34013","18682","69185"
"2020/04/24","9340","4611","51736","706","66393"
"2020/04/23","38107","4103","58855","13347","114412"
"2020/04/22","47212","4614","125638","21015","198479"
"2020/04/21","22675","5303","79103","15296","122377"
"2020/04/20","24398","930","50462","8709","84499"
"2020/04/17","81462","601","30572","17354","129989"
"2020/04/16","3537","2369","26859","9683","42448"
"2020/04/14","16440","1334","71894","4630","94298"
"2020/04/13","51977","302","29638","12609","94526"
"2020/04/10","29531","401","35084","29053","94069"
"2020/04/09","29192","2080","20132","14995","66399"
"2020/04/08","44546","10713","69918","40260","165437"
"2020/04/07","19934","0","80412","7597","107943"
"2020/04/06","41649","3251","41737","14330","100967"
"2020/04/03","58777","104","19340","13860","92081"
"2020/04/02","25308","6253","23175","6301","61037"
"2020/04/01","108983","8753","62983","30918","211637"
"2020/03/31","56979","102","42725","11806","111612"
"2020/03/30","108058","101","53445","14353","175957"
"2020/03/27","236716","100","111281","32229","380326"
"2020/03/26","130458","456","89552","45402","265868"
"2020/03/25","130972","1141","150479","21865","304457"
"2020/03/24","76466","103","121789","12843","211201"
"2020/03/23","69252","5504","130635","5249","210640"
"2020/03/20","117522","301","180072","14169","312064"
"2020/03/19","152701","10004","176511","36746","375962"
"2020/03/18","115613","100","75541","7696","198950"
"2020/03/17","101114","5001","88368","26856","221339"
"2020/03/16","61679","747","141311","18215","221952"
"2020/03/13","198346","123","228737","74813","502019"
"2020/03/12","157473","436","74662","6803","239374"
"2020/03/11","72269","3082","63295","16571","155217"
"2020/03/10","55376","402","30821","27446","114045"
"2020/03/09","123592","204","49526","13095","186417"
"2020/03/06","73009","304","31604","7227","112144"
"2020/03/05","126826","0","103873","77417","308116"
"2020/03/04","131774","200","140666","51597","324237"
"2020/03/03","16253","201","37462","6983","60899"
"2020/03/02","96869","427","57696","16239","171231"
"2020/02/28","110383","1508","123038","2721","237650"
"2020/02/27","17500","5","22899","734","41138"
"2020/02/26","53671","2","49547","3001","106221"
"2020/02/25","38228","0","44067","35736","118031"
"2020/02/24","51114","808","78383","19624","149929"
"2020/02/21","19308","214","28689","11741","59952"
"2020/02/20","19231","1424","32211","17108","69974"
"2020/02/19","58076","944","47536","35019","141575"
"2020/02/18","34853","5910","40800","5153","86716"
"2020/02/17","52232","2100","65252","5204","124788"
"2020/02/14","54235","662","111999","451","167347"
"2020/02/13","53210","179","23449","1516","78354"
"2020/02/12","57218","893","64779","1757","124647"
"2020/02/11","75221","100","32125","17705","125151"
"2020/02/10","25030","103","16138","3619","44890"
"2020/02/07","9707","222","11268","1419","22616"
"2020/02/06","15369","101","28442","7129","51041"
"2020/02/05","70689","302","42922","5776","119689"
"2020/02/04","25980","3","34932","6323","67238"
"2020/02/03","78075","13062","34193","26364","151694"
"2020/01/31","71095","100","15018","4837","91050"
"2020/01/30","46483","0","11860","13748","72091"
"2020/01/29","34793","104","32713","1915","69525"
"2020/01/28","33021","1003","57899","10338","102261"
"2020/01/23","29881","2312","31110","1344","64647"
"2020/01/22","28303","2","20480","1164","49949"
"2020/01/21","119842","1700","33010","8786","163338"
"2020/01/20","43753","3","20099","1898","65753"
"2020/01/17","45607","101","15360","1978","63046"
"2020/01/16","39789","1000","71715","24698","137202"
"2020/01/15","55942","13500","16088","20552","106082"
"2020/01/14","67669","16063","95513","40399","219644"
"2020/01/13","60032","1814","126520","5170","193536"
"2020/01/10","20401","2101","30643","4369","57514"
"2020/01/09","32426","2300","26938","8063","69727"
"2020/01/08","58468","2800","24271","871","86410"
"2020/01/07","44858","2213","27040","1673","75784"
"2020/01/06","41959","2112","42066","414","86551"
"2020/01/03","115958","12403","62589","2077","193027"
"2020/01/02","64995","12120","84305","30013","191433"
"2019/12/30","66269",,"31460","542","98271"
"2019/12/27","69757","12000","48947","329","131033"
"2019/12/26","62702","10528","44746","21394","139370"
"2019/12/24","21245","10633","50982","1505","84365"
"2019/12/23","19419","252","57606","1078","78355"
"2019/12/20","34173","402","50011","27142","111728"
"2019/12/19","40745","30981","71597","10602","153925"
"2019/12/18","44633","202","44237","13680","102752"
"2019/12/17","77702","28206","46411","14111","166430"
"2019/12/16","199737","55640","109556","50371","415304"
"2019/12/13","218023","81397","80661","67995","448076"
"2019/12/12","169772","8100","111513","99587","388972"
"2019/12/11","85909","942","189822","116040","392713"
"2019/12/10","112861","201","108207","117808","339077"
"2019/12/09","49743","4065","127899","97487","279194"
"2019/12/06","31351","10710","53580","19410","115051"
"2019/12/05","15530","15100","43603","40330","114563"
"2019/12/04","10884","5300","68054","44033","128271"
"2019/12/03","94662","4580","142154","14823","256219"
"2019/12/02","21025","30143","23114","7560","81842"
"2019/11/29","69227","5129","40352","8979","123687"
"2019/11/28","18047","20100","47224","2131","87502"
"2019/11/27","24104","167","40594","2122","66987"
"2019/11/26","63388","505","49756","20122","133771"
"2019/11/25","49912","684","53223","3836","107655"
"2019/11/22","36826","103","28235","30728","95892"
"2019/11/21","74814","302","47661","61407","184184"
"2019/11/20","58739","709","62602","62917","184967"
"2019/11/19","98236","103","120810","51410","270559"
"2019/11/18","179248","398","395767","167942","743355"
"2019/11/15","93280","106","181064","47865","322315"
"2019/11/14","225815","1106","160108","117648","504677"
"2019/11/13","121640","304","130882","44170","296996"
"2019/11/12","20098","4807","73746","7890","106541"
"2019/11/11","71185","204","148541","64942","284872"
"2019/11/08","85932","243","344959","94127","525261"
"2019/11/07","82552","1173","132091","84475","300291"
"2019/11/06","122915","205","115610","90681","329411"
"2019/11/05","127867","1612","121464","30369","281312"
"2019/11/04","69146","1733","105841","36937","213657"
"2019/11/01","537737","1410","42176","25760","607083"
"2019/10/31","76831","350","73576","39792","190549"
"2019/10/30","84606","6481","94801","96005","281893"
"2019/10/29","52601","1751","70031","26525","150908"
"2019/10/28","30095","202","56304","84456","171057"
"2019/10/25","72510","5585","44655","17186","139936"
"2019/10/24","47519","200","56747","9540","114006"
"2019/10/23","40981","439","67363","38366","147149"
"2019/10/22","44711","68","123632","12103","180514"
"2019/10/21","73502","731","141761","38279","254273"
"2019/10/18","69827","60","117269","45296","232452"
"2019/10/17","23525","10","90215","87369","201119"
"2019/10/16","20892","673","117252","32752","171569"
"2019/10/15","78659","674","57766","84509","221608"
"2019/10/14","24836","114","44846","13483","83279"
"2019/10/11","23282","1978","32754","26933","84947"
"2019/10/10","50423","0","19289","14028","83740"
"2019/10/08","31103","802","46890","14656","93451"
"2019/10/07","18720","1953","75161","15859","111693"
"2019/10/04","23660","3000","58889","28835","114384"
"2019/10/02","56504","0","39424","14711","110639"
"2019/10/01","48266","3362","19700","3409","74737"
"2019/09/30","56863","0","37693","22376","116932"
"2019/09/27","46905","200","61680","2263","111048"
"2019/09/26","35760","125","56368","6201","98454"
"2019/09/25","11985","101","103460","6954","122500"
"2019/09/24","23868","100","51311","29218","104497"
"2019/09/23","19635","19342","52229","11975","103181"
"2019/09/20","22608","0","91901","28169","142678"
"2019/09/19","52414","15","57280","19043","128752"
"2019/09/18","2640","307","57732","2272","62951"
"2019/09/17","6503","100","70541","9102","86246"
"2019/09/16","2205","0","118536","82","120823"
"2019/09/11","25508","17697","75551","34269","153025"
"2019/09/10","28032","24323","111691","50616","214662"
"2019/09/09","40808","811","112182","12995","166796"
"2019/09/06","15469","1101","48814","7170","72554"
"2019/09/05","60032","21148","153431","5393","240004"
"2019/09/04","16056","21400","148091","35006","220553"
"2019/09/03","15801","51377","138123","19742","225043"
"2019/09/02","4900","42403","141149","31338","219790"
"2019/08/30","27198","12579","64249","9231","113257"
"2019/08/29","4968","1370","15610","3367","25315"
"2019/08/28","909","47","81011","10670","92637"
"2019/08/27","17225","1400","34438","6139","59202"
"2019/08/26","26790","1550","46613","2577","77530"
"2019/08/23","9904","6286","40030","11308","67528"
"2019/08/22","65939","390","50882","20129","137340"
"2019/08/21","5732","562","57446","5797","69537"
"2019/08/20","11797","1010","36434","11725","60966"
"2019/08/19","12771","6064","50564","7846","77245"
"2019/08/16","40752","1901","16224","5939","64816"
"2019/08/14","47773","3197","14845","2894","68709"
"2019/08/13","22941","246","22941","8626","54754"
"2019/08/12","15689","1096","32474","3496","52755"
"2019/08/09","32975","100","28081","11850","73006"
"2019/08/08","23940","241","31766","12935","68882"
"2019/08/07","96558","310","55417","13779","166064"
"2019/08/06","57639","2012","102952","68829","231432"
"2019/08/05","59323","207","47347","16300","123177"
"2019/08/02","17509","1","39155","10262","66927"
"2019/08/01","35267","9278","52888","2679","100112"
"2019/07/31","80654","3026","30907","9104","123691"
"2019/07/30","27804","1603","39282","9117","77806"
"2019/07/29","66841","1842","30070","3417","102170"
"2019/07/26","32336","1401","26451","1885","62073"
"2019/07/25","48130","1410","36381","668","86589"
"2019/07/24","51907","2041","23850","1232","79030"
"2019/07/23","22812","1000","32323","1459","57594"
"2019/07/22","39695","14600","36783","8337","99415"
"2019/07/19","14092","1042","59966","26248","101348"
"2019/07/18","14958","1045","40660","20688","77351"
"2019/07/17","42451","1132","45106","16489","105178"
"2019/07/16","64258","229","44915","16491","125893"
"2019/07/15","61754","19118","102240","38644","221756"
"2019/07/12","28178","450","65352","10","93990"
"2019/07/11","30438","153","62073","1808","94472"
"2019/07/10","52898","1135","84158","14221","152412"
"2019/07/09","10813","3919","95017","15584","125333"
"2019/07/08","6063","9697","75698","5857","97315"
"2019/07/05","1008","1473","42768","1287","46536"
"2019/07/04","892","1613","75925","6039","84469"
"2019/07/03","10329","4000","131992","33552","179873"
"2019/07/02","33601","3140","161304","30489","228534"
"2019/07/01","1658","722","75932","6158","84470"
"2019/06/28","20520","1313","36376","6747","64956"
"2019/06/27","20022","0","24917","892","45831"
"2019/06/26","23023","2106","72784","6121","104034"
"2019/06/25","5698","800","84315","8515","99328"
"2019/06/24","13673","527","55864","5577","75641"
"2019/06/21","17743","2732","56676","934","78085"
"2019/06/20","23262","1200","98899","6350","129711"
"2019/06/19","17068","0","40850","1307","59225"
"2019/06/18","23426","10055","90470","14816","138767"
"2019/06/17","12570","1518","28687","19116","61891"
"2019/06/14","1539","1242","45014","4204","51999"
"2019/06/13","7123","194","38543","6541","52401"
"2019/06/12","11083","1547","40412","7273","60315"
"2019/06/11","20922","2026","70563","18858","112369"
"2019/06/10","24304","400","27642","5898","58244"
"2019/06/07","1272","636","33877","1866","37651"
"2019/06/05","21058","819","42612","2318","66807"
"2019/06/04","3529","6948","34557","6793","51827"
"2019/06/03","113361","1652","33732","3225","151970"
"2019/05/31","36035","1641","68513","11367","117556"
"2019/05/30","13297","2504","57182","5060","78043"
"2019/05/29","20964","1692","37717","8970","69343"
"2019/05/28","35173","5825","125255","5667","171920"
"2019/05/27","35049","7997","50662","12039","105747"
"2019/05/24","17312","3847","88302","24193","133654"
"2019/05/23","8222","19941","48256","9087","85506"
"2019/05/22","16252","8362","48795","6351","79760"
"2019/05/21","27363","7354","76557","12076","123350"
"2019/05/20","3818","5796","102013","11468","123095"
"2019/05/17","20644","1289","78931","19987","120851"
"2019/05/16","6484","0","47334","3420","57238"
"2019/05/15","12676","470","28371","1111","42628"
"2019/05/14","8461","98","61521","345","70425"
"2019/05/13","5526","48","46151","133","51858"
"2019/05/10","4722","8193","47635","382","60932"
"2019/05/09","5846","101","161594","8485","176026"
"2019/05/08","96625","3509","60292","18494","178920"
"2019/05/07","25590","1","35642","3715","64948"
"2019/05/03","19935","875","23572","303","44685"
"2019/05/02","12960","2100","59464","2172","76696"
"2019/04/30","16601","686","26310","450","44047"
"2019/04/29","24897","0","78843","83","103823"
"2019/04/26","10942","0","35738","180","46860"
"2019/04/25","28984","3698","111000","1185","144867"
"2019/04/24","11154","1650","116294","4814","133912"
"2019/04/23","11368","0","68097","578","80043"
"2019/04/22","12181","30043","69113","3316","114653"
"2019/04/19","13056","600","29398","0","43054"
"2019/04/18","42528","160","31703","7936","82327"
"2019/04/17","38007","1150","26436","3808","69401"
"2019/04/16","22512","1578","85139","40844","150073"
"2019/04/15","35153","11409","70715","6231","123508"
"2019/04/12","33337","3540","124466","23237","184580"
"2019/04/11","195768","26724","111353","78674","412519"
"2019/04/10","55218","9848","51320","48376","164762"
"2019/04/09","13385","33837","12356","3832","63410"
"2019/04/08","3818","10606","59999","8910","83333"
"2019/04/05","8175","700","17022","2460","28357"
"2019/04/04","24629","4122","115734","2354","146839"
"2019/04/03","17704","4301","17277","9166","48448"
"2019/04/02","38953","2479","19236","1936","62604"
"2019/04/01","51773","105","93021","29752","174651"
"2019/03/29","29379","4077","47315","13683","94454"
"2019/03/28","25980","100","40835","16933","83848"
"2019/03/27","39256","706","92845","8410","141217"
"2019/03/26","33272","100","71423","40295","145090"
"2019/03/25","15011","10387","105761","17328","148487"
"2019/03/22","26857","101","107934","22613","157505"
"2019/03/21","26012","100","83537","11380","121029"
"2019/03/20","13887","100","139474","14019","167480"
"2019/03/19","29113","2103","49637","3002","83855"
"2019/03/18","11012","100","68904","15507","95523"
"2019/03/15","9909","200","26260","15198","51567"
"2019/03/14","10004","200","21780","15384","47368"
"2019/03/13","16336","1301","51985","7160","76782"
"2019/03/12","12788","10333","77202","5760","106083"
"2019/03/11","14535","3134","90587","15361","123617"
"2019/03/08","19083","2575","34344","3637","59639"
"2019/03/07","5666","200","29781","2996","38643"
"2019/03/06","12179","101","49601","5470","67351"
"2019/03/05","9818","101","39745","1267","50931"
"2019/03/04","10364","100","77198","2088","89750"
"2019/02/28","1625","595","20077","1493","23790"
"2019/02/27","13496","20100","20656","11447","65699"
"2019/02/26","10243","100","30057","8263","48663"
"2019/02/25","11193","0","53628","1442","66263"
"2019/02/22","17065","100","52764","603","70532"
"2019/02/21","13386","1870","30878","134","46268"
"2019/02/20","24243","105","33111","2931","60390"
"2019/02/19","15154","300","60266","28867","104587"
"2019/02/18","12404","0","21045","12183","45632"
"2019/02/15","17768","0","42928","16329","77025"
"2019/02/14","16813","1","12709","0","29523"
"2019/02/13","14519","5","31129","7469","53122"
"2019/02/12","5560","1","34382","25369","65312"
"2019/02/11","5398","0","31869","15637","52904"
"2019/02/08","8819","0","12293","2020","23132"
"2019/02/07","10648","1","18818","20","29487"
"2019/02/01","13567","2","23874","340","37783"
"2019/01/31","81927","3096","9199","22510","116732"
"2019/01/30","31618","2","32577","839","65036"
"2019/01/29","21671","354721","23359","22499","422250"
"2019/01/28","28933","3004","43758","5081","80776"
"2019/01/25","11499",,"42888","1381","55768"
"2019/01/24","7949",,"21480","5234","34663"
"2019/01/23","22868","3","61480","3696","88047"
"2019/01/22","14604",,"49658","0","64262"
"2019/01/21","5262",,"45070","4","50336"
"2019/01/18","12695",,"19078","300","32073"
"2019/01/17","13607","0","32477","645","46729"
"2019/01/16","15352","4500","70359","7482","97693"
"2019/01/15","22624","2500","74791","5668","105583"
"2019/01/14","25739","1","27651","0","53391"
"2019/01/11","14979","5005","74854","1071","95909"
"2019/01/10","11047","2","70293","0","81342"
"2019/01/09","14371","6182","40856","580","61989"
"2019/01/08","11137","16993","92262","1965","122357"
"2019/01/07","34574","7009","83137","5826","130546"
"2019/01/04","20182","13005","24433","221","57841"
"2019/01/03","10439","22057","21304","2155","55955"
"2019/01/02","8541","5004","13108","0","26653"