일자,기관 합계,기타법인,개인,외국인 합계,전체
"2023/05/04","5101","1309","3191","34","9635"
"2023/05/03","688","2172","13322","48","16230"
"2023/05/02","1757","0","9424","0","11181"
"2023/04/28","2704","2831","15260","15","20810"
"2023/04/27","1875","2","5138","0","7015"
"2023/04/26","2206","76","28987","48","31317"
"2023/04/25","11281","1","4451","0","15733"
"2023/04/24","1314","0","19493","2","20809"
"2023/04/21","3304","1500","26616","28","31448"
"2023/04/20","8199","1","14911","321","23432"
"2023/04/19","2321","0","15022","135","17478"
"2023/04/18","2135","1000","16881","28","20044"
"2023/04/17","2360","20","4139","0","6519"
"2023/04/14","5447","1","6825","0","12273"
"2023/04/13","3596","0","2715","15","6326"
"2023/04/12","2263","8","7159","14","9444"
"2023/04/11","6161","2","11507","78","17748"
"2023/04/10","2616","0","17472","22","20110"
"2023/04/07","860","0","8122","0","8982"
"2023/04/06","627","0","3768","0","4395"
"2023/04/05","1852","3502","16609","11","21974"
"2023/04/04","6939","3690","35648","307","46584"
"2023/04/03","3182","2085","7456","1","12724"
"2023/03/31","6196","11728","30862","388","49174"
"2023/03/30","156","1775","6039","57","8027"
"2023/03/29","1925","1845","1742","12","5524"
"2023/03/28","51","62","5190","0","5303"
"2023/03/27","233","0","8212","0","8445"
"2023/03/24","643","1900","2454","0","4997"
"2023/03/23","927","0","5357","0","6284"
"2023/03/22","1553","126","7418","0","9097"
"2023/03/21","1061","292","6400","0","7753"
"2023/03/20","1360","167","1020","0","2547"
"2023/03/17","3495","0","4112","0","7607"
"2023/03/16","420","1334","2911","0","4665"
"2023/03/15","2436","385","2250","0","5071"
"2023/03/14","255","6","11315","0","11576"
"2023/03/13","1012","116","6662","1","7791"
"2023/03/10","1193","1793","5781","17","8784"
"2023/03/09","2168","2","740","0","2910"
"2023/03/08","908","908","4241","0","6057"
"2023/03/07","6686","3801","10893","38","21418"
"2023/03/06","2886","703","4570","0","8159"
"2023/03/03","4086","3819","9314","0","17219"
"2023/03/02","2631","901","2556","16","6104"
"2023/02/28","8135","1277","5364","0","14776"
"2023/02/27","324","3720","5223","47","9314"
"2023/02/24","355","3147","2426","0","5928"
"2023/02/23","3268","6993","1709","1","11971"
"2023/02/22","5205","6649","6270","0","18124"
"2023/02/21","834","3167","4541","0","8542"
"2023/02/20","3480","1","9004","3","12488"
"2023/02/17","2569","1","3226","0","5796"
"2023/02/16","1575","2","6856","0","8433"
"2023/02/15","3668","112","7875","0","11655"
"2023/02/14","443","2","15741","0","16186"
"2023/02/13","3694","0","6542","11","10247"
"2023/02/10","1742","0","5742","114","7598"
"2023/02/09","11139","0","12357","59","23555"
"2023/02/08","7081","1","16578","0","23660"
"2023/02/07","3752","2","4436","0","8190"
"2023/02/06","5538","0","12340","399","18277"
"2023/02/03","8474","1","35373","272","44120"
"2023/02/02","4420","2106","10946","0","17472"
"2023/02/01","1348","1000","12926","0","15274"
"2023/01/31","352","1501","10733","20","12606"
"2023/01/30","2379","102","7802","0","10283"
"2023/01/27","5522","2002","4857","139","12520"
"2023/01/26","5444","0","16224","59","21727"
"2023/01/25","2771","4000","10627","0","17398"
"2023/01/20","7077","139","32096","1894","41206"
"2023/01/19","2190","0","4811","0","7001"
"2023/01/18","5399","1818","7545","0","14762"
"2023/01/17","3495","2","9606","15","13118"
"2023/01/16","2194","6131","4990","0","13315"
"2023/01/13","3817","1","5888","862","10568"
"2023/01/12","1290","340","12374","96","14100"
"2023/01/11","1958","2","3399","49","5408"
"2023/01/10","3692","1501","12493","402","18088"
"2023/01/09","4301","5192","16769","796","27058"
"2023/01/06","6284","2","14058","2418","22762"
"2023/01/05","4828","3","15251","3313","23395"
"2023/01/04","3509","2","7784","1468","12763"
"2023/01/03","1348","4","8460","1","9813"
"2023/01/02","3242","153","9941","21","13357"
"2022/12/29","4702","2","26511","13","31228"
"2022/12/28","982","301","37821","577","39681"
"2022/12/27","5688","0","3465","166","9319"
"2022/12/26","3813","2","8303","434","12552"
"2022/12/23","6299","1","15301","3427","25028"
"2022/12/22","6968","1","5089","3324","15382"
"2022/12/21","4825","3","13269","579","18676"
"2022/12/20","13334","1","41853","1183","56371"
"2022/12/19","13906","0","60432","4302","78640"
"2022/12/16","12748","0","4056","48","16852"
"2022/12/15","2614","191","5924","0","8729"
"2022/12/14","3285","0","8024","532","11841"
"2022/12/13","5389","1","7563","646","13599"
"2022/12/12","2646","0","10001","1089","13736"
"2022/12/09","4144","2","5984","8","10138"
"2022/12/08","16317","8","13576","181","30082"
"2022/12/07","11443","0","8424","0","19867"
"2022/12/06","15491","0","17644","1215","34350"
"2022/12/05","6675","0","6289","493","13457"
"2022/12/02","5659","16026","13181","947","35813"
"2022/12/01","29980","6396","30361","24202","90939"
"2022/11/30","9451","1112","17941","2304","30808"
"2022/11/29","10264","0","26896","9092","46252"
"2022/11/28","5998","1500","41153","993","49644"
"2022/11/25","47296","3500","27403","7332","85531"
"2022/11/24","5178","1000","5079","201","11458"
"2022/11/23","2628","400","5514","0","8542"
"2022/11/22","4020","1","21246","1619","26886"
"2022/11/21","19933","215","12771","94","33013"
"2022/11/18","5229","0","8609","145","13983"
"2022/11/17","9046","100","12950","105","22201"
"2022/11/16","6068","0","30063","6032","42163"
"2022/11/15","5402","0","17035","478","22915"
"2022/11/14","7635","3754","28803","418","40610"
"2022/11/11","26156","0","42483","9958","78597"
"2022/11/10","803","1017","23433","48","25301"
"2022/11/09","10607","0","19110","578","30295"
"2022/11/08","1631","1","23133","539","25304"
"2022/11/07","2078","1004","23358","2320","28760"
"2022/11/04","13607","2079","20163","0","35849"
"2022/11/03","1751","1000","12865","1594","17210"
"2022/11/02","463","0","14908","508","15879"
"2022/11/01","4821","1","20301","4089","29212"
"2022/10/31","2766","123","36335","14183","53407"
"2022/10/28","12199","1001","26473","5683","45356"
"2022/10/27","4988","2127","40061","33495","80671"
"2022/10/26","12645","6574","60957","29233","109409"
"2022/10/25","7489","894","30694","1578","40655"
"2022/10/24","11567","14112","46287","8365","80331"
"2022/10/21","8455","4","50651","270","59380"
"2022/10/20","19567","14923","80648","10598","125736"
"2022/10/19","9001","5001","42830","962","57794"
"2022/10/18","44251","2","24392","15519","84164"
"2022/10/17","6245","5000","36429","773","48447"
"2022/10/14","4052","6000","30002","1385","41439"
"2022/10/13","7101","11001","25113","404","43619"
"2022/10/12","427","1000","20990","254","22671"
"2022/10/11","9598","16404","70176","1200","97378"
"2022/10/07","2369","955","23659","212","27195"
"2022/10/06","5677","1000","32531","2186","41394"
"2022/10/05","24022","7778","41515","1053","74368"
"2022/10/04","14129","5301","33085","12732","65247"
"2022/09/30","2133","36","24741","470","27380"
"2022/09/29","2779","2001","16607","0","21387"
"2022/09/28","10809","14009","20071","9512","54401"
"2022/09/27","5706","10000","40200","2823","58729"
"2022/09/26","14438","15000","37780","4","67222"
"2022/09/23","6241","4009","16151","8","26409"
"2022/09/22","8114","8468","4961","30","21573"
"2022/09/21","2334","1020","4849","0","8203"
"2022/09/20","3743","5960","5819","758","16280"
"2022/09/19","3992","4004","15516","179","23691"
"2022/09/16","6284","0","10413","1002","17699"
"2022/09/15","2250","2914","12757","18","17939"
"2022/09/14","10087","2684","12117","464","25352"
"2022/09/13","9600","1","33180","2911","45692"
"2022/09/08","1004","9","18978","1102","21093"
"2022/09/07","1325","5004","14393","848","21570"
"2022/09/06","3327","0","5998","1003","10328"
"2022/09/05","2314","1001","13317","0","16632"
"2022/09/02","9325","2001","14195","4119","29640"
"2022/09/01","4199","1005","20040","565","25809"
"2022/08/31","1814","0","14843","1529","18186"
"2022/08/30","4818","1791","25795","184","32588"
"2022/08/29","3257","4170","22183","3227","32837"
"2022/08/26","6080","540","18342","0","24962"
"2022/08/25","14809","0","20008","771","35588"
"2022/08/24","4995","1001","19975","1132","27103"
"2022/08/23","11972","503","20261","6076","38812"
"2022/08/22","17495","5000","77169","9017","108681"
"2022/08/19","1118","0","36507","2140","39765"
"2022/08/18","6785","1477","59722","6416","74400"
"2022/08/17","22060","1","14642","81","36784"
"2022/08/16","2199","0","12045","58","14302"
"2022/08/12","18796","0","3261","5509","27566"
"2022/08/11","652","1","4149","1133","5935"
"2022/08/10","12009","0","33364","6125","51498"
"2022/08/09","18224","0","5671","3","23898"
"2022/08/08","24434","0","12699","3626","40759"
"2022/08/05","25630","4","5548","7595","38777"
"2022/08/04","25077","6058","58480","27387","117002"
"2022/08/03","48287","10567","27302","14598","100754"
"2022/08/02","32767","0","36695","1371","70833"
"2022/08/01","9064","1266","15708","5138","31176"
"2022/07/29","14505","1600","32946","9381","58432"
"2022/07/28","16401","10000","46541","32965","105907"
"2022/07/27","25693","5","35593","29340","90631"
"2022/07/26","14893","1115","46915","2056","64979"
"2022/07/25","17461",,"61526","15278","94265"
"2022/07/22","25690","3794","87553","3911","120948"
"2022/07/21","14963","10077","58191","277","83508"
"2022/07/20","3092","2197","31157","199","36645"
"2022/07/19","19441","3181","32434","2540","57596"
"2022/07/18","3666","5695","9251","6","18618"
"2022/07/15","15063","1","25961","3302","44327"
"2022/07/14","6201",,"31507","418","38126"
"2022/07/13","1407","0","9046","66","10519"
"2022/07/12","14804","2877","38144","6124","61949"
"2022/07/11","14429","6040","17638","248","38355"
"2022/07/08","10255","910","6474","8","17647"
"2022/07/07","15198","5300","13555","6260","40313"
"2022/07/06","18740","4000","17639","4830","45209"
"2022/07/05","3061","2200","29710","15532","50503"
"2022/07/04","8575","5","62192","2173","72945"
"2022/07/01","6085","2002","48761","3271","60119"
"2022/06/30","5892","4575","22769","459","33695"
"2022/06/29","12058","14227","15921","8169","50375"
"2022/06/28","29862","18993","22777","2575","74207"
"2022/06/27","19028","17058","45661","1537","83284"
"2022/06/24","14854","16276","27727","3737","62594"
"2022/06/23","12939","14838","21782","9218","58777"
"2022/06/22","27025","101","66531","19257","112914"
"2022/06/21","11905","0","43933","7915","63753"
"2022/06/20","9953","103","49339","4294","63689"
"2022/06/17","13820","15256","35724","1064","65864"
"2022/06/16","8618","1032","40395","21","50066"
"2022/06/15","13646","32064","13217","9405","68332"
"2022/06/14","17373","3","24473","16607","58456"
"2022/06/13","20501","100","18002","1980","40583"
"2022/06/10","5081","10","15138","2677","22906"
"2022/06/09","17211","0","18177","3890","39278"
"2022/06/08","7068","0","10355","1926","19349"
"2022/06/07","5280","0","9312","2994","17586"
"2022/06/03","8387","3","11074","137","19601"
"2022/06/02","10279","0","8727","0","19006"
"2022/05/31","10661","3","6375","11805","28844"
"2022/05/30","9821","4","2323","0","12148"
"2022/05/27","4964","1200","16440","4","22608"
"2022/05/26","15821","5","25173","5302","46301"
"2022/05/25","15595","1","10969","9691","36256"
"2022/05/24","11035","5","3786","585","15411"
"2022/05/23","5357","5","28058","2101","35521"
"2022/05/20","1659","6","11039","843","13547"
"2022/05/19","2976","10","9388","1744","14118"
"2022/05/18","31618","55","36691","12257","80621"
"2022/05/17","35674","7009","32914","967","76564"
"2022/05/16","9916","1","8757","20","18694"
"2022/05/13","14268","5024","12555","1273","33120"
"2022/05/12","16082","2","18058","1804","35946"
"2022/05/11","3574","7","6303","0","9884"
"2022/05/10","12180","2332","24416","29631","68559"
"2022/05/09","6420","1668","9587","783","18458"
"2022/05/06","4442","689","9207","2353","16691"
"2022/05/04","8869","5314","21038","3200","38421"
"2022/05/03","20179","1896","36368","0","58443"
"2022/05/02","15606",,"5727","6737","28070"
"2022/04/29","23729","0","14659","961","39349"
"2022/04/28","38461",,"36608","9170","84239"
"2022/04/27","14301","1371","14560","10743","40975"
"2022/04/26","19906","0","16052","7308","43266"
"2022/04/25","15568","0","27614","17937","61119"
"2022/04/22","19954","255","19429","6343","45981"
"2022/04/21","19673","0","19752","8857","48282"
"2022/04/20","14223","0","7407","7944","29574"
"2022/04/19","9469","2139","22311","7488","41407"
"2022/04/18","22094","2839","147326","15406","187665"
"2022/04/15","15561","0","47275","22266","85102"
"2022/04/14","22080","4000","41561","8044","75685"
"2022/04/13","50258","0","40270","3591","94119"
"2022/04/12","13791","0","18331","3521","35643"
"2022/04/11","21583","1411","19361","2487","44842"
"2022/04/08","16337","1966","23977","6460","48740"
"2022/04/07","10459","0","19221","1288","30968"
"2022/04/06","39031","3291","16030","113","58465"
"2022/04/05","24826","4289","39232","7675","76022"
"2022/04/04","23262","3337","38608","19720","84927"
"2022/04/01","9579","0","9396","2756","21731"
"2022/03/31","12159","252","10952","2222","25585"
"2022/03/30","4402","3262","13998","1","21663"
"2022/03/29","2474","3002","14107","0","19583"
"2022/03/28","9307","5854","17612","35","32808"
"2022/03/25","4507","3417","18900","68","26892"
"2022/03/24","6342","874","3961","5","11182"
"2022/03/23","8370","14785","14699","1","37855"
"2022/03/22","15744","10","4789","21","20564"
"2022/03/21","11243","385","5810","4","17442"
"2022/03/18","1966","11067","9123","4178","26334"
"2022/03/17","3851","5214","10719","62","19846"
"2022/03/16","15584","2325","23507","0","41416"
"2022/03/15","23375","828","12912","2588","39703"
"2022/03/14","13730","1904","28331","27401","71366"
"2022/03/11","12910","8979","24554","19066","65509"
"2022/03/10","2658","1897","8205","0","12760"
"2022/03/08","585","1445","7011","69","9110"
"2022/03/07","15212","1623","22362","8979","48176"
"2022/03/04","11869","1810","12449","3211","29339"
"2022/03/03","3632","1140","12090","0","16862"
"2022/03/02","7557","3951","11130","131","22769"
"2022/02/28","9586","23","11422","1232","22263"
"2022/02/25","363","3","3186","1536","5088"
"2022/02/24","17313","0","14886","5148","37347"
"2022/02/23","2775","20","19734","8698","31227"
"2022/02/22","12094","10","9734","120","21958"
"2022/02/21","6839","13","9302","3218","19372"
"2022/02/18","19941","0","5562","4999","30502"
"2022/02/17","51071","10","5523","6541","63145"
"2022/02/16","30385","10","4362","20718","55475"
"2022/02/15","22154","1","4365","9291","35811"
"2022/02/14","14274","24","5445","11683","31426"
"2022/02/11","26207","0","8533","5201","39941"
"2022/02/10","27706","30","13504","10175","51415"
"2022/02/09","26479","50","16597","10872","53998"
"2022/02/08","39927","1","2769","5586","48283"
"2022/02/07","31930","21","16244","14126","62321"
"2022/02/04","4440","20","6438","3320","14218"
"2022/02/03","6349","53","31993","6785","45180"
"2022/01/28","7249","0","6989","2490","16728"
"2022/01/27","10546","0","12537","6213","29296"
"2022/01/26","11966","26","3043","11958","26993"
"2022/01/25","14801","2159","62444","3478","82882"
"2022/01/24","18241","0","24101","6704","49046"
"2022/01/21","7399",,"22027","3161","32587"
"2022/01/20","10302","500","18643","2889","32334"
"2022/01/19","17621","1","17325","875","35822"
"2022/01/18","14290","1000","35409","11604","62303"
"2022/01/17","13645","1","27991","1701","43338"
"2022/01/14","293","0","4213","867","5373"
"2022/01/13","15260","500","4587","3612","23959"
"2022/01/12","12178","1001","37688","3151","54018"
"2022/01/11","2721","2","18448","223","21394"
"2022/01/10","8250","1","40527","6671","55449"
"2022/01/07","2394",,"36876","587","39857"
"2022/01/06","15685","500","26068","5269","47522"
"2022/01/05","13003","0","25618","4216","42837"
"2022/01/04","19149","0","22029","0","41178"
"2022/01/03","10153","0","38332","391","48876"
"2021/12/30","2868","3123","31816","265","38072"
"2021/12/29","3769","1000","36382","1927","43078"
"2021/12/28","7125","5000","91513","16952","120590"
"2021/12/27","25632","16276","31543","12490","85941"
"2021/12/24","16737","3385","34520","4658","59300"
"2021/12/23","13741","4957","10916",,"29614"
"2021/12/22","3885","3991","2634","1","10511"
"2021/12/21","9076","8","3394","10","12488"
"2021/12/20","9384","1","37648","661","47694"
"2021/12/17","3486","2000","26519","278","32283"
"2021/12/16","13340",,"12307","721","26368"
"2021/12/15","1919","25","8324","615","10883"
"2021/12/14","10367","1000","13808","387","25562"
"2021/12/13","105968",,"15321","4440","125729"
"2021/12/10","17712","1","21343","0","39056"
"2021/12/09","5766",,"23968","0","29734"
"2021/12/08","9021","1000","8280","1081","19382"
"2021/12/07","6702","1","15383","660","22746"
"2021/12/06","22932","2237","45383","198","70750"
"2021/12/03","34363","2000","19808","2683","58854"
"2021/12/02","15207","2","28643","542","44394"
"2021/12/01","23448","4","26837","20470","70759"
"2021/11/30","12884","1","44542","6628","64055"
"2021/11/29","14114","1","23098","15004","52217"
"2021/11/26","19476","3501","101442","11462","135881"
"2021/11/25","21687","10000","21106","219","53012"
"2021/11/24","8755","9500","17254","164","35673"
"2021/11/23","11010","8103","46246","1089","66448"
"2021/11/22","13826","2","11709","0","25537"
"2021/11/19","8796","97","16608",,"25501"
"2021/11/18","4764","0","12721","0","17485"
"2021/11/17","1916","1","33974","1001","36892"
"2021/11/16","7971","0","24332","0","32303"
"2021/11/15","17486","1003","14220","6839","39548"
"2021/11/12","930","47","6035","1973","8985"
"2021/11/11","13575",,"12628","2086","28289"
"2021/11/10","9806","4","6968","587","17365"
"2021/11/09","21110",,"10939","0","32049"
"2021/11/08","2551","0","8781","1821","13153"
"2021/11/05","11537","6","13372","2","24917"
"2021/11/04","3018","121","51435","0","54574"
"2021/11/03","9557","0","7924","0","17481"
"2021/11/02","14507","0","21261","0","35768"
"2021/11/01","13965","1000","27012","0","41977"
"2021/10/29","21428","116","11457","1602","34603"
"2021/10/28","14988","2950","32411","1760","52109"
"2021/10/27","12521","0","17670","0","30191"
"2021/10/26","15031","250","14887","27","30195"
"2021/10/25","26840","0","17647","380","44867"
"2021/10/22","16696","0","38465","2397","57558"
"2021/10/21","11723","500","24712","5677","42612"
"2021/10/20","50829","1500","29520","25114","106963"
"2021/10/19","41487","0","29774","2345","73606"
"2021/10/18","36544","19000","36490","21821","113855"
"2021/10/15","35957","0","34880","1406","72243"
"2021/10/14","26719","1000","22077","6410","56206"
"2021/10/13","28952","15845","33458","4564","82819"
"2021/10/12","51150","0","87267","6687","145104"
"2021/10/08","8777","0","23743","10583","43103"
"2021/10/07","27534","0","7997","3344","38875"
"2021/10/06","41973","0","19957","11130","73060"
"2021/10/05","29269","159","20370","1958","51756"
"2021/10/01","39058","160","43920","6474","89612"
"2021/09/30","29226","6583","14894","0","50703"
"2021/09/29","47359","7680","80687","38786","174512"
"2021/09/28","46888","11614","23180","11119","92801"
"2021/09/27","12670","8519","39654","896","61739"
"2021/09/24","4426","1850","29324","2278","37878"
"2021/09/23","11812","2000","40684","1534","56030"
"2021/09/17","15836","0","17596","0","33432"
"2021/09/16","1901","0","8204","1076","11181"
"2021/09/15","41237","130","32090","0","73457"
"2021/09/14","10241","0","69213","13278","92732"
"2021/09/13","14618","0","15171","83","29872"
"2021/09/10","1003","0","16251","0","17254"
"2021/09/09","16842","400","34138","0","51380"
"2021/09/08","1377","500","32334","2","34213"
"2021/09/07","5413","100","14605","410","20528"
"2021/09/06","3920","0","15388","0","19308"
"2021/09/03","11439","0","11929","0","23368"
"2021/09/02","8742","0","38162","846","47750"
"2021/09/01","9046","592","37900","2213","49751"
"2021/08/31","6371","0","22936","2093","31400"
"2021/08/30","9047","2000","20193","0","31240"
"2021/08/27","7902","1","32747","950","41600"
"2021/08/26","18690","0","9015","1000","28705"
"2021/08/25","20688","1000","15375","0","37063"
"2021/08/24","17735","0","18468","6021","42224"
"2021/08/23","5885","1000","32944","3202","43031"
"2021/08/20","9873","18265","59794","6935","94867"
"2021/08/19","8770","15928","61058","9169","94925"
"2021/08/18","16687","3447","30635","1779","52548"
"2021/08/17","6291","1228","24622","1505","33646"
"2021/08/13","28893","3860","55095","4777","92625"
"2021/08/12","34621","500","6263","1805","43189"
"2021/08/11","12862","10500","36485","1950","61797"
"2021/08/10","13822","1000","38112","0","52934"
"2021/08/09","19186",,"19743","1359","40288"
"2021/08/06","3042","0","17946","0","20988"
"2021/08/05","9376","0","12141","0","21517"
"2021/08/04","5262","295","12207","0","17764"
"2021/08/03","28621","150","9829","0","38600"
"2021/08/02","12078","0","24086","0","36164"
"2021/07/30","10260","100","21625","266","32251"
"2021/07/29","5344","0","5272","1","10617"
"2021/07/28","2119","0","5157","1","7277"
"2021/07/27","8759",,"11863","1","20623"
"2021/07/26","5902",,"16828","5510","28240"
"2021/07/23","6136",,"26680","0","32816"
"2021/07/22","10059",,"15555","0","25614"
"2021/07/21","2043",,"34815","0","36858"
"2021/07/20","5033",,"20434","1","25468"
"2021/07/19","6993","9700","11365","1","28059"
"2021/07/16","20915","2000","41994","2940","67849"
"2021/07/15","15855",,"39510","2","55367"
"2021/07/14","27334",,"41605","2","68941"
"2021/07/13","46597","2617","29093","8916","87223"
"2021/07/12","15243",,"63005","1792","80040"
"2021/07/09","30704","1030","62594","6736","101064"
"2021/07/08","20636",,"55373","851","76860"
"2021/07/07","17958","200","69026","2","87186"
"2021/07/06","43392","19100","59733","1","122226"
"2021/07/05","56727","4156","43531","1","104415"
"2021/07/02","52082",,"28073","2923","83078"
"2021/07/01","68206","1502","133258","2822","205788"
"2021/06/30","48824","4125","82331","1186","136466"
"2021/06/29","43716","5200","63487","5509","117912"
"2021/06/28","43663","0","106676","852","151191"
"2021/06/25","28657","322","85779","3001","117759"
"2021/06/24","19935",,"88532","5271","113738"
"2021/06/23","57027","0","50347","17506","124880"
"2021/06/22","29323","2500","63268","234","95325"
"2021/06/21","35205","3069","61708","11608","111590"
"2021/06/18","27422",,"85374","2257","115053"
"2021/06/17","31023","5700","68741","352","105816"
"2021/06/16","11462","1955","95517","2","108936"
"2021/06/15","20053","1461","101192","910","123616"
"2021/06/14","19581","14078","49385","188","83232"
"2021/06/11","16669","1605","62142","11","80427"
"2021/06/10","28323","2687","84095","506","115611"
"2021/06/09","22528",,"76161","141","98830"
"2021/06/08","39475","0","68015","246","107736"
"2021/06/07","55468","3000","70506","182","129156"
"2021/06/04","34228","3128","70921","16064","124341"
"2021/06/03","38381","60","96846","11973","147260"
"2021/06/02","26258","212","155996","2249","184715"
"2021/06/01","20312","4231","117156","8389","150088"
"2021/05/31","11345","1500","87864","26688","127397"
"2021/05/28","25687","2853","28896","3220","60656"
"2021/05/27","45093","1530","104172","1908","152703"
"2021/05/26","5762","3540","35419","1","44722"
"2021/05/25","6511","12000","55537","56143","130191"
"2021/05/24","4594","0","41915","5340","51849"
"2021/05/21","7236","0","31175","1988","40399"
"2021/05/20","13402","1318","37792","1681","54193"
"2021/05/18","5251","600","43757","3","49611"
"2021/05/17","9070","720","44420","3368","57578"
"2021/05/14","9075","12000","25824","2560","49459"
"2021/05/13","5287","10257","18347","9487","43378"
"2021/05/12","11117","30","48605","6661","66413"
"2021/05/11","21622","30","48847","1633","72132"
"2021/05/10","30862","1555","33008","7837","73262"
"2021/05/07","26078","0","39423","2399","67900"
"2021/05/06","10328",,"48986","2","59316"
"2021/05/04","13214","0","53728","14597","81539"
"2021/05/03","12421",,"28116","1907","42444"
"2021/04/30","7867","5000","9699","0","22566"
"2021/04/29","8001","0","16862","0","24863"
"2021/04/28","9935","5040","18135","0","33110"
"2021/04/27","12907","50","34494","3896","51347"
"2021/04/26","16298","25035","39133","9564","90030"
"2021/04/23","4929","0","19385","3330","27644"
"2021/04/22","7034","16000","69978","1267","94279"
"2021/04/21","7088","1000","30675","1640","40403"
"2021/04/20","20459",,"67749","3762","91970"
"2021/04/19","19052",,"69580","2461","91093"
"2021/04/16","11356","0","38798","13069","63223"
"2021/04/15","18053","1000","35795","7273","62121"
"2021/04/14","26113","1000","18515","1117","46745"
"2021/04/13","17085","0","26792","2026","45903"
"2021/04/12","30263",,"32265","1857","64385"
"2021/04/09","5612","0","28764","1","34377"
"2021/04/08","7411",,"9868","539","17818"
"2021/04/07","7025","750","14262","0","22037"
"2021/04/06","30115",,"46551","4291","80957"
"2021/04/05","14649","1000","61202","12204","89055"
"2021/04/02","22284","813","30365","7000","60462"
"2021/04/01","19097","0","30252","0","49349"
"2021/03/31","14388","342","12624","510","27864"
"2021/03/30","20771",,"10567","0","31338"
"2021/03/29","51863","1000","95444","9773","158080"
"2021/03/26","42444","2156","38301","4516","87417"
"2021/03/25","8710","0","22528","11","31249"
"2021/03/24","3498","1000","16969","659","22126"
"2021/03/23","12236","482","4565","0","17283"
"2021/03/22","25655","515","51179","372","77721"
"2021/03/19","10700","850","11007","11","22568"
"2021/03/18","3822","1678","24513","392","30405"
"2021/03/17","7963",,"14104","1095","23162"
"2021/03/16","8260","1969","9359","0","19588"
"2021/03/15","10615","645","18818","0","30078"
"2021/03/12","11358",,"15375","1873","28606"
"2021/03/11","1513",,"13385","22","14920"
"2021/03/10","25806","500","12626","20984","59916"
"2021/03/09","15498","0","40909","10589","66996"
"2021/03/08","25844","0","45548","717","72109"
"2021/03/05","11172","2000","48116","2363","63651"
"2021/03/04","5340",,"7774","2814","15928"
"2021/03/03","5716",,"24696","193","30605"
"2021/03/02","13538","3047","24270","2091","42946"
"2021/02/26","5155","0","16531","4523","26209"
"2021/02/25","14376","346","7537","1254","23513"
"2021/02/24","17219",,"52738","7468","77425"
"2021/02/23","18824","20887","37252","6017","82980"
"2021/02/22","7754","20800","122782","4322","155658"
"2021/02/19","71319","21024","115718","2322","210383"
"2021/02/18","6263","31","89665","1962","97921"
"2021/02/17","31673","40","60433","1043","93189"
"2021/02/16","7904",,"109368","1061","118333"
"2021/02/15","40742",,"38555","1019","80316"
"2021/02/10","9714","2061","31936","817","44528"
"2021/02/09","4187",,"21060","1495","26742"
"2021/02/08","4774","10","15177","0","19961"
"2021/02/05","19302","4117","59149","7840","90408"
"2021/02/04","6105","2000","17095","975","26175"
"2021/02/03","19588","4000","9809",,"33397"
"2021/02/02","12540","2274","30802","0","45616"
"2021/02/01","5143",,"17603","589","23335"
"2021/01/29","3726",,"19594","3323","26643"
"2021/01/28","5655","2061","24851","1481","34048"
"2021/01/27","6034",,"12579","766","19379"
"2021/01/26","3540","1000","19032","988","24560"
"2021/01/25","10029","2000","13888","906","26823"
"2021/01/22","25420","2000","21758","3091","52269"
"2021/01/21","60075","2000","37683","7246","107004"
"2021/01/20","21161","0","4845","5638","31644"
"2021/01/19","34842",,"42867","520","78229"
"2021/01/18","8431",,"31875","1000","41306"
"2021/01/15","5634",,"15516","623","21773"
"2021/01/14","5841",,"35176","1845","42862"
"2021/01/13","5008","0","10436","0","15444"
"2021/01/12","18725","7000","25338","3436","54499"
"2021/01/11","46412","50000","70605","4732","171749"
"2021/01/08","42861","5000","69388","4358","121607"
"2021/01/07","27161","900","46939","4704","79704"
"2021/01/06","44398","10400","47008","9276","111082"
"2021/01/05","78840","4242","101261","13273","197616"
"2021/01/04","46872","6609","90460","2023","145964"
"2020/12/30","7940","10000","36348","873","55161"
"2020/12/29","18619","11421","98936","8251","137227"
"2020/12/28","43563","5000","90712","8155","147430"
"2020/12/24","37104","14000","42029","18210","111343"
"2020/12/23","8452","30457","20701","520","60130"
"2020/12/22","12846","24314","41269","3766","82195"
"2020/12/21","3541","0","41952","5481","50974"
"2020/12/18","37576","0","26412","0","63988"
"2020/12/17","16888","0","28343","982","46213"
"2020/12/16","2514","0","17984","2876","23374"
"2020/12/15","5449","417","18727","0","24593"
"2020/12/14","3904","51891","123704","1346","180845"
"2020/12/11","22274","0","52910","3303","78487"
"2020/12/10","24743","0","57994","561","83298"
"2020/12/09","11642","0","38580","2383","52605"
"2020/12/08","7575","0","29172","0","36747"
"2020/12/07","35115","0","27335","7163","69613"
"2020/12/04","18125","3000","46626","2738","70489"
"2020/12/03","41929",,"45725","0","87654"
"2020/12/02","24127",,"38063","4674","66864"
"2020/12/01","27017","0","40204","2758","69979"
"2020/11/30","18977","12647","51404","2093","85121"
"2020/11/27","6057","12","58843","50","64962"
"2020/11/26","25390","495","28404","0","54289"
"2020/11/25","12202","0","38377","1310","51889"
"2020/11/24","12001",,"112737","3","124741"
"2020/11/23","17760","0","51888","8780","78428"
"2020/11/20","40010","11","69299","7283","116603"
"2020/11/19","30259","0","59534","7387","97180"
"2020/11/18","27646","0","50521","0","78167"
"2020/11/17","5261","7862","58851","5132","77106"
"2020/11/16","7422","10000","35887","5378","58687"
"2020/11/13","4616","29548","51406","424","85994"
"2020/11/12","13871","10500","65649","132","90152"
"2020/11/11","13319","160","104157","3708","121344"
"2020/11/10","28322","3000","25368","2290","58980"
"2020/11/09","57716","5000","30603","3870","97189"
"2020/11/06","19527","0","37756","3528","60811"
"2020/11/05","58995",,"39293","1384","99672"
"2020/11/04","27777","11814","56163","3826","99580"
"2020/11/03","27148","2468","80727","7561","117904"
"2020/11/02","14992","0","137223","32061","184276"
"2020/10/30","36156","5000","81784","15096","138036"
"2020/10/29","6337","0","93871","26467","126675"
"2020/10/28","38256","394","85333","9863","133846"
"2020/10/27","39845","0","90486","23997","154328"
"2020/10/26","109326","0","115828","27035","252189"
"2020/10/23","95974","39","133846","36428","266287"
"2020/10/22","56358","2752","68634","9455","137199"
"2020/10/21","20185","9","32033","4818","57045"
"2020/10/20","26700","300","34028","5997","67025"
"2020/10/19","84146","234","45234","2791","132405"
"2020/10/16","68309",,"37864","4670","110843"
"2020/10/15","72115","0","45482","24287","141884"
"2020/10/14","40006","500","82906","13201","136613"
"2020/10/13","20057","460","27171","0","47688"
"2020/10/12","30034",,"73119","6048","109201"
"2020/10/08","81503","17","141373","29523","252416"
"2020/10/07","48561","0","131834","34179","214574"
"2020/10/06","51972","0","122740","17368","192080"
"2020/10/05","34309",,"56920","38401","129630"
"2020/09/29","5333",,"74744","2806","82883"
"2020/09/28","17171","19","39704","0","56894"
"2020/09/25","47726","1998","17809","3603","71136"
"2020/09/24","93915","2172","36530","11868","144485"
"2020/09/23","10125","0","50862","3958","64945"
"2020/09/22","21081","8","39773","1","60863"
"2020/09/21","20261","2868","56872","2067","82068"
"2020/09/18","13092","4600","31536","2653","51881"
"2020/09/17","20289","851","169803","8789","199732"
"2020/09/16","21001","0","60422","12444","93867"
"2020/09/15","15919","2000","32635","6164","56718"
"2020/09/14","29222","2030","58024","2885","92161"
"2020/09/11","4516","6585","60321","11430","82852"
"2020/09/10","6981","1700","47635","129","56445"
"2020/09/09","12845","31972","52982","6190","103989"
"2020/09/08","10433","3207","54791","16132","84563"
"2020/09/07","14746","8037","78313","1090","102186"
"2020/09/04","15233","6000","97185","0","118418"
"2020/09/03","31199","819","21900","245","54163"
"2020/09/02","13728",,"36310","2","50040"
"2020/09/01","18777","5102","56219","2095","82193"
"2020/08/31","20676","4753","122540","5354","153323"
"2020/08/28","11117","3885","39911","2","54915"
"2020/08/27","23457","2250","97441","2","123150"
"2020/08/26","22859","22600","51032","2","96493"
"2020/08/25","25587","1000","28692","2","55281"
"2020/08/24","48174","2303","46903","2","97382"
"2020/08/21","37170","0","23836","2521","63527"
"2020/08/20","27079","24853","50892","2","102826"
"2020/08/19","23078","5","39374","4523","66980"
"2020/08/18","24613","6800","78683","2","110098"
"2020/08/14","31433","6620","91237","2","129292"
"2020/08/13","13161","2000","85290","34","100485"
"2020/08/12","32349","16255","333968","27397","409969"
"2020/08/11","43890","54308","205291","20086","323575"
"2020/08/10","122896","2574","189793","13622","328885"
"2020/08/07","25378","24035","163443","150","213006"
"2020/08/06","44722","49869","368700","4485","467776"
"2020/08/05","300920","152141","1902964","842","2356867"