일자,기관 합계,기타법인,개인,외국인 합계,전체
"2023/05/04","1134","0","30516","6254","37904"
"2023/05/03","594","0","66054","12059","78707"
"2023/05/02","340","35","38849","6810","46034"
"2023/04/28","3605","1","67166","934","71706"
"2023/04/27","14874","0","129976","13048","157898"
"2023/04/26","7810","7679","116219","10793","142501"
"2023/04/25","449","304916","86879","7827","400071"
"2023/04/24","2239","5100","97911","9","105259"
"2023/04/21","14766","2","117302","337","132407"
"2023/04/20","6367","0","98089","2073","106529"
"2023/04/19","12957","0","547669","31142","591768"
"2023/04/18","6668","674965","219202","3040","903875"
"2023/04/17","50358","0","232297","11496","294151"
"2023/04/14","1126","18316","174967","3291","197700"
"2023/04/13","1314","0","82827","1634","85775"
"2023/04/12","19888","0","58277","2327","80492"
"2023/04/11","5803","0","104189","1189","111181"
"2023/04/10","25361","0","91958","64","117383"
"2023/04/07","242","100","71718","1797","73857"
"2023/04/06","3413","0","123737","0","127150"
"2023/04/05","2273","0","82410","25","84708"
"2023/04/04","1817","0","54203","1066","57086"
"2023/04/03","392","553","46129","411","47485"
"2023/03/31","995","0","278411","2034","281440"
"2023/03/30","1266","0","67245","1460","69971"
"2023/03/29","477","0","87339","2286","90102"
"2023/03/28","646","1","32360","0","33007"
"2023/03/27","8512","0","42340","341","51193"
"2023/03/24","462","1","139501","284","140248"
"2023/03/23","31948","0","77563","0","109511"
"2023/03/22","6714","0","34085","12","40811"
"2023/03/21","628","1","27173","64","27866"
"2023/03/20","4039","1","37193","182","41415"
"2023/03/17","4152","3","43309","0","47464"
"2023/03/16","7782","0","79813","0","87595"
"2023/03/15","24125","1","56753","8","80887"
"2023/03/14","1792","8","128890","650","131340"
"2023/03/13","3456","2","113744","35","117237"
"2023/03/10","758","0","49766","142","50666"
"2023/03/09","7025","8","124665","3753","135451"
"2023/03/08","1475","0","74769","204","76448"
"2023/03/07","11261","2","98917","117","110297"
"2023/03/06","472","1","75405","0","75878"
"2023/03/03","806","0","40010","1","40817"
"2023/03/02","4868","572","38746","2","44188"
"2023/02/28","436","3","21135","0","21574"
"2023/02/27","4008","1","60262","207","64478"
"2023/02/24","4730","0","49035","0","53765"
"2023/02/23","3056","0","77633","128","80817"
"2023/02/22","555","1","114819","367","115742"
"2023/02/21","545","0","29640","0","30185"
"2023/02/20","20768","8","36209","23","57008"
"2023/02/17","2983","0","23982","37","27002"
"2023/02/16","5622","4","25464","0","31090"
"2023/02/15","3185","1","53041","0","56227"
"2023/02/14","134","2","27443","1","27580"
"2023/02/13","2437","0","68817","343","71597"
"2023/02/10","774","1","36425","2","37202"
"2023/02/09","606","2","51986","39","52633"
"2023/02/08","935","0","57964","1325","60224"
"2023/02/07","264","0","15570","2066","17900"
"2023/02/06","5185","4","28846","1819","35854"
"2023/02/03","4436","2","114577","2407","121422"
"2023/02/02","23506","36","127984","453","151979"
"2023/02/01","454","1113","83440","150","85157"
"2023/01/31","252","0","18666","52","18970"
"2023/01/30","1567","0","29156","148","30871"
"2023/01/27","2448","1","41830","0","44279"
"2023/01/26","5538","0","35750","17","41305"
"2023/01/25","1057","0","21988","246","23291"
"2023/01/20","44557","16","23381","633","68587"
"2023/01/19","975","0","11233","5672","17880"
"2023/01/18","6493","0","19287","1416","27196"
"2023/01/17","639","2","65964","3991","70596"
"2023/01/16","14094","6","91372","1966","107438"
"2023/01/13","1682","7","39149","2193","43031"
"2023/01/12","6394","1","19361","6056","31812"
"2023/01/11","4585","7","65252","4502","74346"
"2023/01/10","1163","4","29519","1467","32153"
"2023/01/09","3979","4","27727","8351","40061"
"2023/01/06","1664","2006","74132","818","78620"
"2023/01/05","12102","6","38780","1254","52142"
"2023/01/04","1445","8","32725","363","34541"
"2023/01/03","4284","12002","21714","444","38444"
"2023/01/02","6013","1","13957","38","20009"
"2022/12/29","10715","0","116836","804","128355"
"2022/12/28","12602","1","152930","859","166392"
"2022/12/27","1989","2116","140755","516","145376"
"2022/12/26","2779","8589","71090","1281","83739"
"2022/12/23","1657","2424","20103","0","24184"
"2022/12/22","610","1","24911","0","25522"
"2022/12/21","268","1802","11094","177","13341"
"2022/12/20","348","7854","24714","249","33165"
"2022/12/19","11590","65","43950","31","55636"
"2022/12/16","5329","0","76823","2348","84500"
"2022/12/15","5283","0","41848","0","47131"
"2022/12/14","5236","0","16850","0","22086"
"2022/12/13","142","2900","39432","2","42476"
"2022/12/12","410","0","51851","584","52845"
"2022/12/09","1412","0","30186","10","31608"
"2022/12/08","397","0","25219","1","25617"
"2022/12/07","1347","0","30627","1826","33800"
"2022/12/06","488","0","47462","1375","49325"
"2022/12/05","26903","0","54648","3651","85202"
"2022/12/02","8441","0","154307","10583","173331"
"2022/12/01","7526","0","118174","794","126494"
"2022/11/30","1647","0","83234","135","85016"
"2022/11/29","620","0","14267","3219","18106"
"2022/11/28","597","0","48419","1318","50334"
"2022/11/25","40","0","40910","5818","46768"
"2022/11/24","406","0","94291","10","94707"
"2022/11/23","2768","0","124051","1228","128047"
"2022/11/22","1501","0","41418","659","43578"
"2022/11/21","3813","1","30381","53","34248"
"2022/11/18","1890","0","27382","50","29322"
"2022/11/17","669","3","12003","0","12675"
"2022/11/16","1129","0","46715","565","48409"
"2022/11/15","185","0","33079","2197","35461"
"2022/11/14","749","4","54339","3517","58609"
"2022/11/11","20624","0","127589","7291","155504"
"2022/11/10","103","0","61928","4906","66937"
"2022/11/09","837","0","97282","1236","99355"
"2022/11/08","1443","0","99600","735","101778"
"2022/11/07","96","0","20812","852","21760"
"2022/11/04","518","0","29879","499","30896"
"2022/11/03","4938","0","56252","0","61190"
"2022/11/02","2910","0","22164","45","25119"
"2022/11/01","1891","0","61433","3940","67264"
"2022/10/31","448","0","32704","1289","34441"
"2022/10/28","1240","0","29670","0","30910"
"2022/10/27","20985","0","71599","7421","100005"
"2022/10/26","939","4014","35515","3","40471"
"2022/10/25","1638","0","42236","1373","45247"
"2022/10/24","2277","0","31690","1931","35898"
"2022/10/21","682","0","39537","133","40352"
"2022/10/20","408","0","57291","665","58364"
"2022/10/19","3480","0","58691","17503","79674"
"2022/10/18","3983","0","56564","4858","65405"
"2022/10/17","1593","0","72933","5249","79775"
"2022/10/14","270","1","33003","4171","37445"
"2022/10/13","763","40000","199798","424","240985"
"2022/10/12","7250","0","32987","1113","41350"
"2022/10/11","3910","0","78574","1097","83581"
"2022/10/07","1074","0","46021","1","47096"
"2022/10/06","2157","0","28007","8980","39144"
"2022/10/05","455","10000","49678","8744","68877"
"2022/10/04","2348","0","35531","11265","49144"
"2022/09/30","6176","0","43503","13109","62788"
"2022/09/29","8483","1","64458","12356","85298"
"2022/09/28","19854","9536","116930","8197","154517"
"2022/09/27","21348","467","107314","23547","152676"
"2022/09/26","21013","71266","208144","8094","308517"
"2022/09/23","10183","1","140854","5779","156817"
"2022/09/22","5176","10","40839","2281","48306"
"2022/09/21","1550","0","42939","4554","49043"
"2022/09/20","79",,"34999","690","35768"
"2022/09/19","8594",,"85471","43","94108"
"2022/09/16","5499","1","28534","138","34172"
"2022/09/15","4199","0","46566","1852","52617"
"2022/09/14","14963",,"87656","133","102752"
"2022/09/13","6022",,"52218","1638","59878"
"2022/09/08","841","1","29950","5436","36228"
"2022/09/07","2940","0","64473","0","67413"
"2022/09/06","961","0","32705","3674","37340"
"2022/09/05","7820","48737","36443","0","93000"
"2022/09/02","1809","1","65447","6938","74195"
"2022/09/01","24420","1","187662","3536","215619"
"2022/08/31","3815","1","42737","131","46684"
"2022/08/30","3815","41182","104791","3500","153288"
"2022/08/29","18187","48820","126326","1072","194405"
"2022/08/26","11190","0","37036","540","48766"
"2022/08/25","4327","1","42224","6224","52776"
"2022/08/24","15994","209","125211","5826","147240"
"2022/08/23","15327","1","52425","24238","91991"
"2022/08/22","7490","0","51228","710","59428"
"2022/08/19","19144","500","113377","14142","147163"
"2022/08/18","5656","500","89735","1","95892"
"2022/08/17","15121","0","35462","0","50583"
"2022/08/16","21488","0","89017","7532","118037"
"2022/08/12","7888","1000","95033","12330","116251"
"2022/08/11","17138","1100","87070","7931","113239"
"2022/08/10","3854","0","61392","0","65246"
"2022/08/09","7070","0","46604","717","54391"
"2022/08/08","4902","0","46402","732","52036"
"2022/08/05","10898","0","50614","11419","72931"
"2022/08/04","21997","0","85849","19967","127813"
"2022/08/03","5241","0","56958","221","62420"
"2022/08/02","6800","0","102777","4240","113817"
"2022/08/01","22582","0","66496","272","89350"
"2022/07/29","25878","0","106082","16099","148059"
"2022/07/28","14347","0","57373","313","72033"
"2022/07/27","2954","0","76954","2059","81967"
"2022/07/26","5811","0","73173","2793","81777"
"2022/07/25","1903","0","97638","11826","111367"
"2022/07/22","228","0","97181","26768","124177"
"2022/07/21","2155","0","62536","50159","114850"
"2022/07/20","16230","0","173959","15532","205721"
"2022/07/19","2045","0","89262","75390","166697"
"2022/07/18","14091","4314","60347","33983","112735"
"2022/07/15","4708","379","125483","14878","145448"
"2022/07/14","3721","56354","109366","23392","192833"
"2022/07/13","576","5","59774","3936","64291"
"2022/07/12","41306","50001","191129","6905","289341"
"2022/07/11","4483","0","144869","18196","167548"
"2022/07/08","3610","0","139669","52361","195640"
"2022/07/07","1312","2","100244","4705","106263"
"2022/07/06","2547","0","69040","19578","91165"
"2022/07/05","348","5","20414","26130","46897"
"2022/07/04","28954","400","149547","13270","192171"
"2022/07/01","1437","601","88806","3690","94534"
"2022/06/30","2535","1","87968","6904","97408"
"2022/06/29","12252","0","126742","11385","150379"
"2022/06/28","17579","1355","173258","27076","219268"
"2022/06/27","10093","38","95166","15540","120837"
"2022/06/24","6333","4097","62164","37375","109969"
"2022/06/23","42481","67142","274473","69364","453460"
"2022/06/22","34865","129547","323079","107558","595049"
"2022/06/21","1166","1","100732","63279","165178"
"2022/06/20","78082","76651","261317","178820","594870"
"2022/06/17","17617","1000","350276","160302","529195"
"2022/06/16","19045","40898","141779","3687","205409"
"2022/06/15","24796","9027","125307","15466","174596"
"2022/06/14","7590","7296","231904","87028","333818"
"2022/06/13","28566","53048","214086","20390","316090"
"2022/06/10","17573","5475","93185","1","116234"
"2022/06/09","12782","500","70443","475","84200"
"2022/06/08","6828","1700","115992","13670","138190"
"2022/06/07","9563","1502","104374","5766","121205"
"2022/06/03","11245","4000","187443","2873","205561"
"2022/06/02","20225","3000","96850","11555","131630"
"2022/05/31","19054","50500","256340","6302","332196"
"2022/05/30","6415","0","73916","11241","91572"
"2022/05/27","51369","3001","292555","19664","366589"
"2022/05/26","14256","1500","211678","36294","263728"
"2022/05/25","52961","1002","180349","30080","264392"
"2022/05/24","2931","1","104874","500","108306"
"2022/05/23","6682","4000","145070","2361","158113"
"2022/05/20","2589","0","57648","2347","62584"
"2022/05/19","6684","1000","138416","23629","169729"
"2022/05/18","17982","503","118973","10269","147727"
"2022/05/17","7459","1","120125","10644","138229"
"2022/05/16","3216","7500","182013","19165","211894"
"2022/05/13","1870","1","491275","13228","506374"
"2022/05/12","3624","5801","622856","34459","666740"
"2022/05/11","6915","4750","123410","23905","158980"
"2022/05/10","11795","10123","213879","49453","285250"
"2022/05/09","23420","25130","256738","17312","322600"
"2022/05/06","17011","16500","150459","25290","209260"
"2022/05/04","17611","13500","266183","28734","326028"
"2022/05/03","6709","12100","187180","1822","207811"
"2022/05/02","37764","15000","197851","15756","266371"
"2022/04/29","12222","501","152117","3531","168371"
"2022/04/28","14296","3502","199079","33079","249956"
"2022/04/27","5968","4335","146598","30709","187610"
"2022/04/26","13907","4006","259103","128521","405537"
"2022/04/25","80069","7797","278421","18401","384688"
"2022/04/22","6168","704","118297","6340","131509"
"2022/04/21","6695","0","228700","4309","239704"
"2022/04/20","32280","1801","243890","36596","314567"
"2022/04/19","7840","3","203369","30678","241890"
"2022/04/18","56744","15004","477296","65235","614279"
"2022/04/15","43075","2","601625","23083","667785"
"2022/04/14","28671","0","208680","0","237351"
"2022/04/13","5155","3","340592","288455","634205"
"2022/04/12","15289","1911","278708","9894","305802"
"2022/04/11","53858","0","297579","90078","441515"
"2022/04/08","13425","2","312491","63168","389086"
"2022/04/07","25237","0","321400","102137","448774"
"2022/04/06","8607","0","233324","57080","299011"
"2022/04/05","30710","0","256398","70376","357484"
"2022/04/04","7342","13536","394203","21943","437024"
"2022/04/01","31773","21464","399201","44052","496490"
"2022/03/31","2228","1","500194","46141","548564"
"2022/03/30","15780","109","752883","118208","886980"
"2022/03/29","13599","0","355219","58778","427596"
"2022/03/28","1768","0","790479","178102","970349"
"2022/03/25","7266","0","1049415","122206","1178887"
"2022/03/24","19876","0","473260","89702","582838"
"2022/03/23","8044","0","421332","175401","604777"
"2022/03/22","10600","15687","186294","19284","231865"
"2022/03/21","1384","1315","98994","30816","132509"
"2022/03/18","1292","304","55338","5928","62862"
"2022/03/17","8473","9000","380357","35950","433780"
"2022/03/16","14496","0","155455","29862","199813"
"2022/03/15","2621","2000","123375","2834","130830"
"2022/03/14","6340","0","254928","34969","296237"
"2022/03/11","8667","0","481845","271584","762096"
"2022/03/10","1410","1459","271489","32489","306847"
"2022/03/08","6183","25542","217775","57145","306645"
"2022/03/07","8070","31150","488422","72506","600148"
"2022/03/04","19203","34579","975248","199596","1228626"
"2022/03/03","90000","43502","1719865","176966","2030333"
"2022/03/02","6001","0","1066435","89436","1161872"
"2022/02/28","1454","632","556257","131268","689611"
"2022/02/25","237","0","367506","119655","487398"
"2022/02/24","9951","0","452862","201400","664213"
"2022/02/23","7048","0","297054","22814","326916"
"2022/02/22","6117","0","602865","44511","653493"
"2022/02/21","15976","0","976403","91573","1083952"
"2022/02/18","4264","0","802584","235988","1042836"
"2022/02/17","5174","0","350127","70212","425513"
"2022/02/16","1582","0","414669","100287","516538"
"2022/02/15","215","1000","273171","40800","315186"
"2022/02/14","8767","0","526806","135279","670852"
"2022/02/11","6364","0","544698","87841","638903"
"2022/02/10","10205","0","201393","74198","285796"
"2022/02/09","11016","0","1001830","257234","1270080"
"2022/02/08","9053","5","1802503","262065","2073626"
"2022/02/07","4348","0","78940","10078","93366"
"2022/02/04","164","1000","67975","27307","96446"
"2022/02/03","298","2000","104744","68765","175807"
"2022/01/28","26733","2","87966","56671","171372"
"2022/01/27","3949","0","165698","9172","178819"
"2022/01/26","1863","0","111073","83190","196126"
"2022/01/25","18308","6002","239582","34398","298290"
"2022/01/24","11188","0","147236","0","158424"
"2022/01/21","5995","0","59836","11870","77701"
"2022/01/20","1414","1000","78292","29631","110337"
"2022/01/19","2460","6003","122829","48426","179718"
"2022/01/18","4156","13002","149875","2634","169667"
"2022/01/17","15815","8000","118986","3500","146301"
"2022/01/14","3702","9000","90324","19280","122306"
"2022/01/13","3351","13000","108551","10902","135804"
"2022/01/12","1193","0","77762","14857","93812"
"2022/01/11","2583","10001","256472","6172","275228"
"2022/01/10","4231","10000","241961","9183","265375"
"2022/01/07","271","2002","79472","22687","104432"
"2022/01/06","2952","54","131602","33288","167896"
"2022/01/05","6294","0","80860","58035","145189"
"2022/01/04","4285","0","97012","40791","142088"
"2022/01/03","7191","2003","130231","16691","156116"
"2021/12/30","5389","16100","133235","10049","164773"
"2021/12/29","9901","11017","152202","12134","185254"
"2021/12/28","48753","19000","251038","36256","355047"
"2021/12/27","15090","14000","232794","26621","288505"
"2021/12/24","7811","2000","133900","158812","302523"
"2021/12/23","18579","2000","172710","35354","228643"
"2021/12/22","11289","951","73874","26975","113089"
"2021/12/21","6467","5770","155909","49286","217432"
"2021/12/20","22142","2000","155406","71499","251047"
"2021/12/17","5927","0","74752","20441","101120"
"2021/12/16","6374","6000","98405","15593","126372"
"2021/12/15","3045","4033","72625","13244","92947"
"2021/12/14","725","1000","73821","9242","84788"
"2021/12/13","509","12000","75055","57320","144884"
"2021/12/10","5222","17000","88397","1186","111805"
"2021/12/09","246","9000","92104","14405","115755"
"2021/12/08","2749","11001","126426","1948","142124"
"2021/12/07","2675","1000","110256","4457","118388"
"2021/12/06","8312","1000","124482","8034","141828"
"2021/12/03","2992","1000","124510","6475","134977"
"2021/12/02","42431",,"106823","36611","185865"
"2021/12/01","5142","1","157554","52619","215316"
"2021/11/30","44589","1001","410490","79884","535964"
"2021/11/29","11719","7","255318","62895","329939"
"2021/11/26","13062",,"249721","32212","294995"
"2021/11/25","675","2000","100896","32854","136425"
"2021/11/24","11280","1000","152260","4808","169348"
"2021/11/23","8502","3001","151545","20213","183261"
"2021/11/22","20209","5000","198312","20016","243537"
"2021/11/19","16929","4000","186954","8864","216747"
"2021/11/18","19490","5001","199729","20834","245054"
"2021/11/17","20301","12001","401031","26091","459424"
"2021/11/16","26355","10000","556330","35881","628566"
"2021/11/15","9654",,"359376","4104","373134"
"2021/11/12","13580","0","306930","34301","354811"
"2021/11/11","13777","2","393460","42085","449324"
"2021/11/10","79100","2000","544212","70397","695709"
"2021/11/09","41558","0","1654327","129975","1825860"
"2021/11/08","45440","20","2078117","300843","2424420"
"2021/11/05","38054","13","309846","18412","366325"
"2021/11/04","12538","220","285465","47114","345337"
"2021/11/03","6523",,"346277","9912","362712"
"2021/11/02","28192","150000","306582","9567","494341"
"2021/11/01","30829",,"281271","195339","507439"
"2021/10/29","12426","1000","290589","87386","391401"
"2021/10/28","8803",,"238504","3477","250784"
"2021/10/27","27022",,"174303","4694","206019"
"2021/10/26","12519","2400","450691","25309","490919"
"2021/10/25","20491","300","235150","17616","273557"
"2021/10/22","21913","1400","419111","44406","486830"
"2021/10/21","20421",,"181714","6505","208640"
"2021/10/20","27432",,"212277","69663","309372"
"2021/10/19","5212",,"148895","16702","170809"
"2021/10/18","22912","50","237282","30976","291220"
"2021/10/15","2205",,"270848","57495","330548"
"2021/10/14","11407",,"218712","46750","276869"
"2021/10/13","3246",,"216003","12622","231871"
"2021/10/12","15716",,"317218","20533","353467"
"2021/10/08","33720",,"589298","138646","761664"
"2021/10/07","66999","0","780782","304686","1152467"
"2021/10/06","86520",,"700828","177221","964569"
"2021/10/05","39638","6","482112","77957","599713"
"2021/10/01","48463","0","479637","55543","583643"
"2021/09/30","5033",,"285691","46518","337242"
"2021/09/29","49846",,"437583","142041","629470"
"2021/09/28","43876","500","513618","64906","622900"
"2021/09/27","15041","0","392208","115310","522559"
"2021/09/24","27600","4150","496987","70031","598768"
"2021/09/23","28550","9730","1074128","161203","1273611"
"2021/09/17","19751","18880","646188","58591","743410"
"2021/09/16","22042","0","790991","61646","874679"
"2021/09/15","23003","7000","851879","139187","1021069"
"2021/09/14","48295","4000","1239365","70715","1362375"
"2021/09/13","34456",,"1781052","240101","2055609"
"2021/09/10","115164","80582","10999296","624731","11819773"
"2021/09/09","39312","5520","4109774","325261","4479867"
"2021/09/08","49012","38860","5616171","591174","6295217"
"2021/09/07","33761","13102","4784104","364538","5195505"
"2021/09/06","25891","0","1616916","188206","1831013"
"2021/09/03","29397","5000","2682359","153798","2870554"
"2021/09/02","25553","1848","2194912","160211","2382524"
"2021/09/01","21693","1300","723420","45160","791573"
"2021/08/31","35620","9394","1579396","273288","1897698"
"2021/08/30","56325","298","3472250","283861","3812734"
"2021/08/27","129991","1000","3108827","190506","3430324"
"2021/08/26","46854","414","3377757","163516","3588541"
"2021/08/25","40445","0","409275","58895","508615"
"2021/08/24","50798","213","1856868","218657","2126536"
"2021/08/23","15096","1524","309850","102721","429191"
"2021/08/20","28278","7","426909","96500","551694"
"2021/08/19","57399","20","441489","63356","562264"
"2021/08/18","25481",,"234596","221727","481804"
"2021/08/17","123855","1010","503377","264928","893170"
"2021/08/13","25080","2000","424336","157118","608534"
"2021/08/12","11585",,"263089","75790","350464"
"2021/08/11","9426","2206","349357","147970","508959"
"2021/08/10","46076","1000","319465","7269","373810"
"2021/08/09","46119","3818","556421","166338","772696"
"2021/08/06","18128",,"198502","43346","259976"
"2021/08/05","12257","3","117684","66919","196863"
"2021/08/04","7033","2","143381","35230","185646"
"2021/08/03","33494",,"461066","102348","596908"
"2021/08/02","28519",,"332736","35216","396471"
"2021/07/30","38303",,"167773","121202","327278"
"2021/07/29","54068","0","247830","177319","479217"
"2021/07/28","22707","200","278354","258067","559328"
"2021/07/27","27618","200","417288","129517","574623"
"2021/07/26","15263","600","290425","35001","341289"
"2021/07/23","29296","1200","282084","35801","348381"
"2021/07/22","16892",,"354088","18590","389570"
"2021/07/21","16584","1656","390244","5305","413789"
"2021/07/20","17218","10","409487","71146","497861"
"2021/07/19","10568",,"460384","3373","474325"
"2021/07/16","53447","800","503282","35926","593455"
"2021/07/15","53298",,"621662","61660","736620"
"2021/07/14","113397","3000","1628940","268266","2013603"
"2021/07/13","47047","8000","1119021","42696","1216764"
"2021/07/12","15364","0","426540","15875","457779"
"2021/07/09","33985","0","1081886","116458","1232329"
"2021/07/08","22903","2000","959260","25803","1009966"
"2021/07/07","5821","5300","460665","24654","496440"
"2021/07/06","10530","0","738935","17435","766900"
"2021/07/05","85612","6266","947844","106155","1145877"
"2021/07/02","39314","3200","886361","9531","938406"
"2021/07/01","151705","0","1666984","73821","1892510"
"2021/06/30","55214","80688","2651466","305332","3092700"
"2021/06/29","19939","1800","598255","94539","714533"
"2021/06/28","45921",,"757312","216867","1020100"
"2021/06/25","16598","200","657924","66595","741317"
"2021/06/24","28175","800","751277","89480","869732"
"2021/06/23","60199","5900","979943","42646","1088688"
"2021/06/22","14894",,"506708","78235","599837"
"2021/06/21","39783","100","738213","59337","837433"
"2021/06/18","41420","700","1155666","47818","1245604"
"2021/06/17","34110","5000","1447184","192487","1678781"
"2021/06/16","23115","5000","703229","47517","778861"
"2021/06/15","29871",,"670594","79824","780289"
"2021/06/14","20721","2495","769848","25064","818128"
"2021/06/11","36349","5000","948254","34125","1023728"
"2021/06/10","40264",,"1034540","46678","1121482"
"2021/06/09","83413",,"1114326","44089","1241828"
"2021/06/08","47841","5505","1896838","101310","2051494"
"2021/06/07","47609","37000","1694123","28782","1807514"
"2021/06/04","72397","2500","1074555","63404","1212856"
"2021/06/03","249472","1000","1701902","77782","2030156"
"2021/06/02","146414","141682","3009292","217853","3515241"
"2021/06/01","271875","101291","8467459","355612","9196237"
"2021/05/31","408050","18206","10457313","487480","11371049"
"2021/05/28","106958","5000","1910525","50447","2072930"
"2021/05/27","460040","500","6479536","506520","7446596"
"2021/05/26","54775","0","1094277","42352","1191404"
"2021/05/25","26516","0","762430","59549","848495"
"2021/05/24","44231","112484","1102741","68087","1327543"
"2021/05/21","191623","1100","2694208","239662","3126593"
"2021/05/20","102096","10","3725673","241827","4069606"
"2021/05/18","115236","10","4181782","281499","4578527"
"2021/05/17","118775","1500","6170853","410928","6702056"
"2021/05/14","32811","1000","621889","110418","766118"
"2021/05/13","119025","5500","1368533","195403","1688461"
"2021/05/12","78859","500","782252","136953","998564"
"2021/05/11","24951","1000","396475","57661","480087"
"2021/05/10","30329","8500","449581","137744","626154"
"2021/05/07","4644","300","363153","32449","400546"
"2021/05/06","27822","200","273331","39586","340939"
"2021/05/04","35967","0","693034","116375","845376"
"2021/05/03","32280","0","628569","42880","703729"
"2021/04/30","48299","5000","1016904","154396","1224599"
"2021/04/29","62815","1060","1547572","212524","1823971"
"2021/04/28","37014","50","984184","88824","1110072"
"2021/04/27","33545","0","815187","44885","893617"
"2021/04/26","69977","0","1696517","90817","1857311"
"2021/04/23","20604","5000","857291","57633","940528"
"2021/04/22","30583","5800","977848","54797","1069028"
"2021/04/21","55739","22628","4432152","309595","4820114"
"2021/04/20","27326","12000","1313317","133269","1485912"
"2021/04/19","60891","500","2450091","350547","2862029"
"2021/04/16","94138","0","4549495","438816","5082449"
"2021/04/15","47020","2000","4042324","178880","4270224"
"2021/04/14","74796","558","2726494","254561","3056409"
"2021/04/13","39425","100","3150556","146563","3336644"
"2021/04/12","119094","7380","10049206","593004","10768684"
"2021/04/09","127453","46602","13072186","396247","13642488"
"2021/04/08","76963","1392","5414728","342662","5835745"
"2021/04/07","73499","0","5065037","169385","5307921"
"2021/04/06","75177","100","5013133","272262","5360672"
"2021/04/05","153882","14077","15898605","540604","16607168"
"2021/04/02","87731","0","3239074","115619","3442424"
"2021/04/01","22706","0","1125740","71851","1220297"
"2021/03/31","26165","0","791142","67421","884728"
"2021/03/30","8560","0","367037","54458","430055"
"2021/03/29","14350","0","792675","105869","912894"
"2021/03/26","6055","0","285755","70785","362595"
"2021/03/25","8966","0","374468","34179","417613"
"2021/03/24","66731","5000","621775","26316","719822"
"2021/03/23","65069","0","1517068","122321","1704458"
"2021/03/22","71905","7409","220348","4331","303993"
"2021/03/19","7091","0","247169","26480","280740"
"2021/03/18","21983","0","329816","29985","381784"
"2021/03/17","16652","5000","398991","80705","501348"
"2021/03/16","56007","982","1062405","151282","1270676"
"2021/03/15","19561","1000","682232","70828","773621"
"2021/03/12","17567","0","459232","60273","537072"
"2021/03/11","22114","5555","526736","86091","640496"
"2021/03/10","26637","0","613219","230195","870051"
"2021/03/09","12502","5900","695500","233123","947025"
"2021/03/08","37290","0","445263","73869","556422"
"2021/03/05","5198","0","624081","91936","721215"
"2021/03/04","6380","3420","466591","80702","557093"
"2021/03/03","14842","2000","545345","119213","681400"
"2021/03/02","21864","16000","748638","133220","919722"
"2021/02/26","4402","0","369043","49782","423227"
"2021/02/25","53756","0","474338","114692","642786"
"2021/02/24","47432","1000","717997","102303","868732"
"2021/02/23","28940","1000","811359","441144","1282443"
"2021/02/22","17820","0","1264867","191619","1474306"
"2021/02/19","2865","640","918060","275205","1196770"
"2021/02/18","15653","0","892331","46210","954194"
"2021/02/17","5375","1000","1129851","124481","1260707"
"2021/02/16","25095","10","1923309","255402","2203816"
"2021/02/15","34727","1000","1536593","140800","1713120"
"2021/02/10","13012","0","681671","66195","760878"
"2021/02/09","2953","0","860243","126596","989792"
"2021/02/08","10678","0","822958","100417","934053"
"2021/02/05","23464","0","861922","105631","991017"
"2021/02/04","1498","2333","693326","68034","765191"
"2021/02/03","851","0","1550967","79390","1631208"
"2021/02/02","5275","0","755541","83606","844422"
"2021/02/01","8161","0","1296898","117739","1422798"
"2021/01/29","14653","0","2155791","104374","2274818"
"2021/01/28","40073","65397","14743800","319102","15168372"
"2021/01/27","2379","1000","1480930","133711","1618020"
"2021/01/26","81233","1920","5227820","290170","5601143"
"2021/01/25","35321","80","13679159","517641","14232201"
"2021/01/22","2538","0","764885","37780","805203"
"2021/01/21","49018","0","2200864","98128","2348010"
"2021/01/20","15763","3385","1042276","107038","1168462"
"2021/01/19","20939","4324","4589658","376004","4990925"
"2021/01/18","3239","4973","4724506","502647","5235365"
"2021/01/15","20031","0","557940","75990","653961"
"2021/01/14","95","0","614179","24199","638473"
"2021/01/13","1399","2200","329934","22565","356098"
"2021/01/12","9906","2254","289449","17905","319514"
"2021/01/11","12243","0","2051559","186700","2250502"
"2021/01/08","37186","30000","615533","26124","708843"
"2021/01/07","53336","5676","366001","10256","435269"
"2021/01/06","21","0","313187","22385","335593"
"2021/01/05","8655","0","419692","59650","487997"
"2021/01/04","9133","8000","439374","34798","491305"
"2020/12/30","10770","1113","339197","16870","367950"
"2020/12/29","1979","10473","284835","27890","325177"
"2020/12/28","13051","71527","515005","18439","618022"
"2020/12/24","663","1743379","215607","19313","1978962"
"2020/12/23","30220","5135","391425","94206","520986"
"2020/12/22","1262","24866","772330","35016","833474"
"2020/12/21","6229","14000","507766","54494","582489"
"2020/12/18","89741","0","570189","73329","733259"
"2020/12/17","25364","2002","1453182","91879","1572427"
"2020/12/16","55393","0","4324417","201450","4581260"
"2020/12/15","18","0","500556","9736","510310"
"2020/12/14","15029","0","554398","48597","618024"
"2020/12/11","144","463","466477","13328","480412"
"2020/12/10","37821","20000","269528","2159","329508"
"2020/12/09","0","10000","254529","7366","271895"
"2020/12/08","511","0","675101","18983","694595"
"2020/12/07","30200","0","530365","40233","600798"
"2020/12/04","28554","0","1696103","115759","1840416"
"2020/12/03","21040","50000","294221","3941","369202"
"2020/12/02","15033","5000","208684","6599","235316"
"2020/12/01","16","7000","177161","563","184740"
"2020/11/30","10200","0","273791","4451","288442"
"2020/11/27","2341","0","177085","370","179796"
"2020/11/26","3","5096","195765","8130","208994"
"2020/11/25","377","31000","773622","25049","830048"
"2020/11/24","111","111","1447261","39327","1486810"
"2020/11/23","6108","6244","1279604","100769","1392725"
"2020/11/20","0","0","169485","11716","181201"
"2020/11/19","2560","32000","333258","17487","385305"
"2020/11/18","398","9000","840782","66577","916757"
"2020/11/17","19","10","721645","10043","731717"
"2020/11/16","5250","15000","1179228","26128","1225606"
"2020/11/13","17121","68000","3427847","79590","3592558"
"2020/11/12","28142","221000","5032541","69649","5351332"
"2020/11/11","10270","34480","4333827","118183","4496760"
"2020/11/10","22","16082","151656","2195","169955"
"2020/11/09","364","54364","123519","8427","186674"
"2020/11/06","573","33241","87312","0","121126"
"2020/11/05","0","59395","58069","646","118110"
"2020/11/04","250","21766","65890","0","87906"
"2020/11/03","3271","2850","91432","5542","103095"
"2020/11/02","775","10","108208","11589","120582"
"2020/10/30","11165","78355","281352","6209","377081"
"2020/10/29","33478","100010","272231","20186","425905"
"2020/10/28","12313","0","136031","3852","152196"
"2020/10/27","31628","10015","87866","1017","130526"
"2020/10/26","311","60000","143736","3718","207765"
"2020/10/23","64994","10923","96110","5288","177315"
"2020/10/22","18518","0","31899","3028","53445"
"2020/10/21","2543","0","210128","9766","222437"
"2020/10/20","2571","2660","108820","802","114853"
"2020/10/19","0","2410","361741","7960","372111"
"2020/10/16","268","25560","625292","36513","687633"
"2020/10/15","2061","0","497041","4000","503102"
"2020/10/14","500","0","103942","8935","113377"
"2020/10/13","3122","11001","157019","714","171856"
"2020/10/12","69","73680","197609","14898","286256"
"2020/10/08","4494","20015","111118","1301","136928"
"2020/10/07","1010","5","27682","0","28697"
"2020/10/06","10","0","55529","0","55539"
"2020/10/05","2027","3160","38374","1276","44837"
"2020/09/29","1","3343","52122","0","55466"
"2020/09/28","23","0","23102","592","23717"
"2020/09/25","418","5000","31569","707","37694"
"2020/09/24","2625","10010","46280","3693","62608"
"2020/09/23","2696","15","101004","0","103715"
"2020/09/22","25","49010","136663","29959","215657"
"2020/09/21","18","87351","150636","6466","244471"
"2020/09/18","945","6235","72536","0","79716"
"2020/09/17","1224","5","58294","7151","66674"
"2020/09/16","5237","10000","241017","6955","263209"
"2020/09/15","5169","26001","157076","14519","202765"
"2020/09/14","1","29456","89508","19552","138517"
"2020/09/11","270","1000","44990","17971","64231"
"2020/09/10","125","0","104735","1585","106445"
"2020/09/09","576","28863","140609","3836","173884"
"2020/09/08","0","10000","173344","3152","186496"
"2020/09/07","689","1010","213641","2177","217517"
"2020/09/04","27","45005","127551","3219","175802"
"2020/09/03","26","34020","121187","0","155233"
"2020/09/02","3","14767","82814","3411","100995"
"2020/09/01","1339","26868","253043","12362","293612"
"2020/08/31","2","0","110025","3876","113903"
"2020/08/28","361","30000","40646","2402","73409"
"2020/08/27","443","15","83611","500","84569"
"2020/08/26","233","10","61196","2954","64393"
"2020/08/25","3453",,"73709","349","77511"
"2020/08/24","2597","39","55264","3351","61251"
"2020/08/21","5088","20000","172452","4998","202538"
"2020/08/20","7040","10600","252332","4159","274131"
"2020/08/19","5432","0","117984","4728","128144"
"2020/08/18","6124","0","312800","5160","324084"
"2020/08/14","367","0","110833","0","111200"
"2020/08/13","100","0","119124","0","119224"
"2020/08/12","2","95","79541","3010","82648"
"2020/08/11","1098","0","64707","1452","67257"
"2020/08/10","103","0","96745","0","96848"
"2020/08/07","334","27000","63964","735","92033"
"2020/08/06","564","20","27314","509","28407"
"2020/08/05","156","15","74656","0","74827"
"2020/08/04","0","0","51011","1","51012"
"2020/08/03","5937","70035","151777","4536","232285"
"2020/07/31","442","5","80716","0","81163"
"2020/07/30","79","0","135918","2823","138820"
"2020/07/29","70","10010","37016","0","47096"
"2020/07/28","712","8535","123020","0","132267"
"2020/07/27","142","97085","64842","0","162069"
"2020/07/24","31","68079","36012","0","104122"
"2020/07/23","3373","10","76023","348","79754"
"2020/07/22","114","10","59110","0","59234"
"2020/07/21","295","10","120475","0","120780"
"2020/07/20","103","10","76038","0","76151"
"2020/07/17","33","5","57242","0","57280"
"2020/07/16","12","7410","70974","0","78396"
"2020/07/15","1976","10","83241",,"85227"
"2020/07/14","3333","0","60613",,"63946"
"2020/07/13","252","20","196290","4851","201413"
"2020/07/10","3246","0","1511529","57097","1571872"
"2020/07/09","25461","40025","381169","2577","449232"
"2020/07/08","28","0","41152","0","41180"
"2020/07/07","100","0","74806",,"74906"
"2020/07/06","173","0","104309",,"104482"
"2020/07/03","37","20","21182",,"21239"
"2020/07/02","126","10","36315","0","36451"
"2020/07/01","126","0","39674","2799","42599"
"2020/06/30","57","13800","76366",,"90223"
"2020/06/29","2404","11","143097","660","146172"
"2020/06/26","704","20","40877","0","41601"
"2020/06/25","256","45","75356","0","75657"
"2020/06/24","2731","0","92590","0","95321"
"2020/06/23","135","0","21695",,"21830"
"2020/06/22","95","0","52412",,"52507"
"2020/06/19","3551","14","60052","0","63617"
"2020/06/18","2809","30","58710","0","61549"
"2020/06/17","2121","38037","204448","200","244806"
"2020/06/16","15085","25179","249210","0","289474"
"2020/06/15","9239","26048","131952","2","167241"
"2020/06/12","1695","20010","228368","32917","282990"
"2020/06/11","19633","24011","122077","5","165726"
"2020/06/10","11819","10","178044","0","189873"
"2020/06/09","13754","20","140016","12520","166310"
"2020/06/08","1789","0","114375","0","116164"
"2020/06/05","2589",,"178075","0","180664"
"2020/06/04","5289","5","114870","1333","121497"
"2020/06/03","21277",,"164926","1014","187217"
"2020/06/02","623","9010","156165","1567","167365"
"2020/06/01","12421","0","106232","0","118653"
"2020/05/29","429","11005","97925","4516","113875"
"2020/05/28","13423","4000","229121","4060","250604"
"2020/05/27","14229","10","119060","1","133300"
"2020/05/26","2136","0","96382","0","98518"
"2020/05/25","5384","1030","39092","0","45506"
"2020/05/22","14155","6010","100138","0","120303"
"2020/05/21","93","2","156614","54601","211310"
"2020/05/20","7","0","91604","1600","93211"
"2020/05/19","6510","2035","145200","2105","155850"
"2020/05/18","140","1134","142096","5","143375"
"2020/05/15","88","20020","174603","3702","198413"
"2020/05/14","3830","50","150442","1019","155341"
"2020/05/13","114","20","118690","2435","121259"
"2020/05/12","662","20","151832","0","152514"
"2020/05/11","145","10","159133","1413","160701"
"2020/05/08","178","0","156780","0","156958"
"2020/05/07","746","360","128424","576","130106"
"2020/05/06","376","1370","197619","3","199368"
"2020/05/04","76024","2000","62612","0","140636"
"2020/04/29","82080","0","263997","36090","382167"
"2020/04/28","84584","20","254399","13178","352181"
"2020/04/27","71396","0","103068","986","175450"
"2020/04/24","48310","30","83656","0","131996"
"2020/04/23","3105","0","117785","3087","123977"
"2020/04/22","98614","20","94883","19923","213440"
"2020/04/21","124763","15","322605","27560","474943"
"2020/04/20","11782","25","156342","11891","180040"
"2020/04/17","72540","0","207816","30829","311185"
"2020/04/16","91921","20","330711","54171","476823"
"2020/04/14","2628","0","343796","15143","361567"
"2020/04/13","2560","30","243457","3100","249147"
"2020/04/10","3178","15","332133","15065","350391"
"2020/04/09","2730",,"204378","15801","222909"
"2020/04/08","2265","30","171425","17604","191324"
"2020/04/07","1","0","214201","13412","227614"
"2020/04/06","11201","510","379223","14996","405930"
"2020/04/03","10927","57","122249","2","133235"
"2020/04/02","27","11","181391","3700","185129"
"2020/04/01","3298","30","258460","8712","270500"
"2020/03/31","4927","30","140525","1754","147236"
"2020/03/30","2764","10","119147","16762","138683"
"2020/03/27","11556","0","175850","28000","215406"
"2020/03/26","30346","21010","149796","26255","227407"
"2020/03/25","35829","0","109310","21862","167001"
"2020/03/24","23305","46272","52982","30456","153015"
"2020/03/23","11730","142171","128370","26336","308607"
"2020/03/20","53749","29840","120032","39155","242776"
"2020/03/19","29","492879","475196","49924","1018028"
"2020/03/18","26422","48230","130581","13784","219017"
"2020/03/17","11884","102272","163848","40838","318842"
"2020/03/16","3751","15530","81488","25175","125944"
"2020/03/13","53","490481","426150","61481","978165"
"2020/03/12","29681","204160","226185","65164","525190"
"2020/03/11","35272","139713","226809","23628","425422"
"2020/03/10","9789","75228","126357","31252","242626"
"2020/03/09","14921","34851","205514","16296","271582"
"2020/03/06","15711","15","201796","190","217712"
"2020/03/05","25759","15","182589","41216","249579"
"2020/03/04","9566","880","153405","16418","180269"
"2020/03/03","11122","934","87765","53327","153148"
"2020/03/02","14187","17953","184280","59549","275969"
"2020/02/28","40828","50227","419351","38316","548722"
"2020/02/27","37652","3008","176467","35911","253038"
"2020/02/26","27080","5","200831","2629","230545"
"2020/02/25","39581","10","155096","16639","211326"
"2020/02/24","78465","33802","588876","42128","743271"
"2020/02/21","18942","5010","342803","12736","379491"
"2020/02/20","3451","10","152855","16804","173120"
"2020/02/19","6054","2510","137138","5912","151614"
"2020/02/18","105","5000","116086","297","121488"
"2020/02/17","7820","0","155745","14854","178419"
"2020/02/14","996","0","461627","22801","485424"
"2020/02/13","23262","10","238258","24913","286443"
"2020/02/12","20428","10","294525","13213","328176"
"2020/02/11","7848","0","363873","4624","376345"
"2020/02/10","8533","0","910908","109616","1029057"
"2020/02/07","11","0","319065","8376","327452"
"2020/02/06","10","5","190756","929","191700"
"2020/02/05","38705","15","220542","7976","267238"
"2020/02/04","31467","10","137319","6885","175681"
"2020/02/03","50099","5","319288","44562","413954"
"2020/01/31","96383","0","308634","27899","432916"
"2020/01/30","80664","10000","223976","19911","334551"
"2020/01/29","4574","0","174246","27405","206225"
"2020/01/28","107404","15","483269","35200","625888"
"2020/01/23","60385","0","86575","104","147064"
"2020/01/22","27518","5","141659","0","169182"
"2020/01/21","35981","0","177286","7278","220545"
"2020/01/20","48866","10","354827","46733","450436"
"2020/01/17","7999","16","352242","40126","400383"
"2020/01/16","27975","7327","1471929","81327","1588558"
"2020/01/15","4906","0","444766","99719","549391"
"2020/01/14","42423","5","277679","45386","365493"
"2020/01/13","31192","20","281410","5462","318084"
"2020/01/10","17618","15","281564","9297","308494"
"2020/01/09","9259","0","358677","50405","418341"
"2020/01/08","41547","1010","712185","87686","842428"
"2020/01/07","28469","0","258716","39180","326365"
"2020/01/06","35432","8000","453177","101507","598116"
"2020/01/03","17333","5","394938","89681","501957"
"2020/01/02","53","6","345583","45494","391136"
"2019/12/30","4233","6","239380","35592","279211"
"2019/12/27","15387","5","968432","37181","1021005"
"2019/12/26","51498","5","1263004","48215","1362722"
"2019/12/24","9028","5","412213","52998","474244"
"2019/12/23","28771","3","599371","12030","640175"
"2019/12/20","21921","0","821878","41063","884862"
"2019/12/19","23281","0","1838058","196729","2058068"
"2019/12/18","16791","3","1500151","52204","1569149"
"2019/12/17","34098","33000","7593931","393818","8054847"
"2019/12/16","50","1316","155683","400","157449"
"2019/12/13","8230","0","248542","2929","259701"
"2019/12/12","16454","0","1664621","57301","1738376"
"2019/12/11","5911","0","191884","7756","205551"
"2019/12/10","125409","11","125027","1280","251727"
"2019/12/09","135","10003","107484","114","117736"
"2019/12/06","122030","0","341707","1232","464969"
"2019/12/05","24639","0","262230","31006","317875"
"2019/12/04","63457","0","103952",,"167409"
"2019/12/03","5138","1","58375","0","63514"
"2019/12/02","69578","0","35048",,"104626"
"2019/11/29","11972","0","173362","5270","190604"
"2019/11/28","5280","3","205349","4430","215062"
"2019/11/27","3276","1","109141",,"112418"
"2019/11/26","7624","5","158892","0","166521"
"2019/11/25","50124","0","135302","4372","189798"
"2019/11/22","5","0","115398","0","115403"
"2019/11/21","128335","5","266834","18417","413591"
"2019/11/20","116723","0","137796","10110","264629"
"2019/11/19","18206","5","211197","11488","240896"
"2019/11/18","27844","2010","320923","10","350787"
"2019/11/15","17018","8820","217323","0","243161"
"2019/11/14","2204","21195","668255","29520","721174"
"2019/11/13","42127","30000","355679","7239","435045"
"2019/11/12","10006","10","275161","52","285229"
"2019/11/11","1","6","262261","107","262375"
"2019/11/08","957","10","165951","32496","199414"
"2019/11/07","30090","11","332117","18742","380960"
"2019/11/06","6035","2","114144","1091","121272"
"2019/11/05","13849","16","243160","13207","270232"
"2019/11/04","8232","1","115343","6118","129694"
"2019/11/01","4283","1","173678","0","177962"
"2019/10/31","23644","1","208321","5960","237926"
"2019/10/30","27058","3018","993242","12791","1036109"
"2019/10/29","736","0","120678","18","121432"
"2019/10/28","558","4781","87155","3176","95670"
"2019/10/25","1436","0","97852","1813","101101"
"2019/10/24","1554","0","75926","0","77480"
"2019/10/23","7232","0","227566","2113","236911"
"2019/10/22","8723","290","82985",,"91998"
"2019/10/21","3832","4830","143604","0","152266"
"2019/10/18","15752","10187","172981","2000","200920"
"2019/10/17","37173","26","574234","15215","626648"
"2019/10/16","4426","3149","73873","270","81718"
"2019/10/15","16359","2","352407","24213","392981"
"2019/10/14","6844","5521","40909","0","53274"
"2019/10/11","4421","10016","143521","0","157958"
"2019/10/10","4447","4827","121553","0","130827"
"2019/10/08","21131","1455","70575","3099","96260"
"2019/10/07","9746","855","65129","3130","78860"
"2019/10/04","8867","5","57617","442","66931"
"2019/10/02","7","5","61682","3","61697"
"2019/10/01","5501","500","132999","4269","143269"
"2019/09/30","4430","12","88862","4414","97718"
"2019/09/27","3745","0","66489","5320","75554"
"2019/09/26","16","0","140116","4370","144502"
"2019/09/25","12749","1005","122680","3638","140072"
"2019/09/24","4403","1005","91021","1500","97929"
"2019/09/23","4671","5","96667","19160","120503"
"2019/09/20","15382","5686","149559","250","170877"
"2019/09/19","5396","20","148713","0","154129"
"2019/09/18","36384","9","182758","1022","220173"
"2019/09/17","49583","10","1015472","30197","1095262"
"2019/09/16","26345","10","225394","9064","260813"
"2019/09/11","10137","12","266938","23332","300419"
"2019/09/10","199467","20006","9520575","416115","10156163"
"2019/09/09","4556","5","739409","3810","747780"
"2019/09/06","9293","5","181903","2850","194051"
"2019/09/05","4064","5","605286","5906","615261"
"2019/09/04","13801","10","94393","0","108204"
"2019/09/03","9750","5","220586","8737","239078"
"2019/09/02","23524","10","79442","2325","105301"
"2019/08/30","21307","10","87775","5243","114335"
"2019/08/29","29970","10","179683","5703","215366"
"2019/08/28","25528","10","109699","3153","138390"
"2019/08/27","15695","5","50569","2449","68718"
"2019/08/26","6","457","60844","6409","67716"
"2019/08/23","31260","5","673930","51553","756748"
"2019/08/22","21607","1000","243514","9595","275716"
"2019/08/21","13256","1010","297413","10271","321950"
"2019/08/20","31995","10","660107","11975","704087"
"2019/08/19","101282","5","606593","38203","746083"
"2019/08/16","14356","10","122680","8937","145983"
"2019/08/14","5732",,"34138","0","39870"
"2019/08/13","10175","10","59995","3517","73697"
"2019/08/12","16337",,"96896","2227","115460"
"2019/08/09","11859","20","76560","1009","89448"
"2019/08/08","8068","20","91954","5424","105466"
"2019/08/07","30924","553","147743","22689","201909"
"2019/08/06","37500","20","132796","29652","199968"
"2019/08/05","12724","40040","332690","13289","398743"
"2019/08/02","2682","111","101997","6337","111127"
"2019/08/01","14619","20","103813","2083","120535"
"2019/07/31","8342","30","83283","8665","100320"
"2019/07/30","52559","0","155972","16209","224740"
"2019/07/29","40670","30565","284017","9762","365014"
"2019/07/26","2","30","105130","4628","109790"
"2019/07/25","2","10000","172728","4124","186854"
"2019/07/24","6460","10","121339","3349","131158"
"2019/07/23","12675","15","87658","163","100511"
"2019/07/22","12846","5","102179","5228","120258"
"2019/07/19","6","0","139059","23159","162224"
"2019/07/18","52","5","99966","4022","104045"
"2019/07/17","17996","20337","583986","16391","638710"
"2019/07/16","2","0","107005","1599","108606"
"2019/07/15","8441","39","55947","3982","68409"
"2019/07/12","5028","37","124925","15552","145542"
"2019/07/11","4523","5","48735","8813","62076"
"2019/07/10","2110","37","78946","2038","83131"
"2019/07/09","11147","195","220663","4851","236856"
"2019/07/08","7","173","208482","2742","211404"
"2019/07/05","5429","0","187919","20204","213552"
"2019/07/04","2","5","154127","10307","164441"
"2019/07/03","2660","5","130833","2360","135858"
"2019/07/02","7","5","48248","1081","49341"
"2019/07/01","13619","0","134639","3790","152048"
"2019/06/28","2107","0","136675","1295","140077"
"2019/06/27","2293","20","169600","11507","183420"
"2019/06/26","7","6","135124","0","135137"
"2019/06/25","22614","30","207491","312","230447"
"2019/06/24","6738","10","143257","4792","154797"
"2019/06/21","10195","5000","140274","1791","157260"
"2019/06/20","7","5000","198082","9157","212246"
"2019/06/19","268","3010","72218","3","75499"
"2019/06/18","13877","30","212178","3561","229646"
"2019/06/17","4371","2030","184451","19184","210036"
"2019/06/14","16079","915","166020","3123","186137"
"2019/06/13","7","35","141811","7893","149746"
"2019/06/12","14879","0","456242","55184","526305"
"2019/06/11","2","60","116238","36037","152337"
"2019/06/10","4","15","113829","5778","119626"
"2019/06/07","5796","35","145668","7739","159238"
"2019/06/05","13674","20","89361","24331","127386"
"2019/06/04","22","10040","286929","11011","308002"
"2019/06/03","1162","10040","176731","4430","192363"
"2019/05/31","4447","10014","208451","22549","245461"
"2019/05/30","7","10030","208390","12945","231372"
"2019/05/29","817","135","136102","6508","143562"
"2019/05/28","6999","0","104408","5346","116753"
"2019/05/27","2276","35","66605","240","69156"
"2019/05/24","1985","35","172120","19737","193877"
"2019/05/23","8794","4099","173860","15998","202751"
"2019/05/22","488","8817","135453","13163","157921"
"2019/05/21","4522","35","136877","17239","158673"
"2019/05/20","21498","36","147293","29443","198270"
"2019/05/17","14844","30","169064","7649","191587"
"2019/05/16","5651","30","268216","48665","322562"
"2019/05/15","3777","0","113558","9679","127014"
"2019/05/14","7700","10005","154692","20831","193228"
"2019/05/13","5432","0","120885","23639","149956"
"2019/05/10","44","28169","214078","10087","252378"
"2019/05/09","2514","16500","458347","6676","484037"
"2019/05/08","556",,"119291","1385","121232"
"2019/05/07","32","5","129848","28638","158523"
"2019/05/03","12",,"107702","420","108134"
"2019/05/02","16629","540","190060","2826","210055"
"2019/04/30","13201","44","231124","6240","250609"
"2019/04/29","15117","1168","109614","6872","132771"
"2019/04/26","54844","15510","527452","35873","633679"
"2019/04/25","3537",,"258774","5853","268164"
"2019/04/24","12588","1581","167957","14454","196580"
"2019/04/23","15724",,"513926","23926","553576"
"2019/04/22","8695",,"211443","51353","271491"
"2019/04/19","9726","5","285934","10461","306126"
"2019/04/18","12747","0","301466","3236","317449"
"2019/04/17","27919","0","650132","94199","772250"
"2019/04/16","127","0","320540","19762","340429"
"2019/04/15","13599","0","286980","18512","319091"
"2019/04/12","11346","700","267751","7287","287084"
"2019/04/11","8243","0","135256","18192","161691"
"2019/04/10","17170","100","172182","1464","190916"
"2019/04/09","127","0","205209","1549","206885"
"2019/04/08","3813","0","189505","11835","205153"
"2019/04/05","12400","9200","200916","150","222666"
"2019/04/04","99107","30","518598","4128","621863"
"2019/04/03","24557","3","177089","20815","222464"
"2019/04/02","8238","5","229004","5673","242920"
"2019/04/01","18505","0","197430","20902","236837"
"2019/03/29","13073","10000","242298","6219","271590"
"2019/03/28","30","40597","199377","107","240111"
"2019/03/27","5211","7065","207382","7684","227342"
"2019/03/26","4553","13349","120019","3628","141549"
"2019/03/25","6203","15","242107","7055","255380"
"2019/03/22","4919","50001","255233","6540","316693"
"2019/03/21","12526","13","294816","4760","312115"
"2019/03/20","27762","50000","322471","27368","427601"
"2019/03/19","15430","0","210497","17118","243045"
"2019/03/18","15471",,"146510","34537","196518"
"2019/03/15","10967","3","363174","21277","395421"
"2019/03/14","15969","0","155454","54689","226112"
"2019/03/13","25642",,"114031","20563","160236"
"2019/03/12","25987","0","175610","47690","249287"
"2019/03/11","5312",,"288528","32769","326609"
"2019/03/08","42547",,"336118","22601","401266"
"2019/03/07","18372",,"341968","22148","382488"
"2019/03/06","6183",,"223418","12402","242003"
"2019/03/05","25830","5","244366","22933","293134"
"2019/03/04","11723",,"177993","47851","237567"
"2019/02/28","2","0","1133893","119832","1253727"
"2019/02/27","14201",,"349139","56654","419994"
"2019/02/26","17056","280","1282661","34837","1334834"
"2019/02/25","18520","50240","1088056","30697","1187513"
"2019/02/22","10917","4","730485","37647","779053"
"2019/02/21","2",,"730506","103564","834072"
"2019/02/20","2",,"459648","6974","466624"
"2019/02/19","9132",,"1128348","115495","1252975"
"2019/02/18","2",,"795608","55092","850702"
"2019/02/15","2","0","1007314","72793","1080109"
"2019/02/14","2","0","765854","17009","782865"
"2019/02/13","4","2000","1324085","48316","1374405"
"2019/02/12","3964","0","793346","7811","805121"
"2019/02/11","2025",,"1148263","71313","1221601"
"2019/02/08","7926","100000","604050","68382","780358"
"2019/02/07","10960",,"1265457","149378","1425795"
"2019/02/01","117","430","738787","139584","878918"
"2019/01/31","7","4040","1246256","55850","1306153"
"2019/01/30","7325","0","1447261","144495","1599081"
"2019/01/29","2","100000","1303711","108465","1512178"
"2019/01/28","3655",,"1491129","127127","1621911"
"2019/01/25","2",,"671159","10368","681529"
"2019/01/24","2",,"376366","9127","385495"
"2019/01/23","3246","0","347938","5606","356790"
"2019/01/22","0",,"925843","50494","976337"
"2019/01/21","31","4764","445506","2510","452811"
"2019/01/18","2",,"564585","22058","586645"
"2019/01/17","3560",,"708952","104342","816854"
"2019/01/16","10455",,"1005475","74974","1090904"
"2019/01/15","3281",,"849863","45347","898491"
"2019/01/14","3371",,"1225829","106460","1335660"
"2019/01/11","9827","0","710284","60648","780759"
"2019/01/10","2172","0","1013786","61502","1077460"
"2019/01/09","2","0","761844","45316","807162"
"2019/01/08","2","0","2116206","72819","2189027"
"2019/01/07","2",,"2459472","120677","2580151"
"2019/01/04","2",,"1620093","106400","1726495"
"2019/01/03","2","0","757304","22575","779881"
"2019/01/02","2",,"885813","5856","891671"