일자,기관 합계,기타법인,개인,외국인 합계,전체
"2023/05/04","45230300","1878930","119641460","8001230","174751920"
"2023/05/03","78445590","182518010","36557805","55762685","353284090"
"2023/05/02","70318280","310765","77226615","11484085","159339745"
"2023/04/28","149760130","0","35413070","10123335","195296535"
"2023/04/27","73708860","0","13595340","22550950","109855150"
"2023/04/26","47784260","0","70982475","12505955","131272690"
"2023/04/25","51364550","0","76199790","19269575","146833915"
"2023/04/24","30288760","3385000","148194875","32438460","214307095"
"2023/04/21","137329795","0","135916720","10678775","283925290"
"2023/04/20","56553155","11730400","86307145","6152630","160743330"
"2023/04/19","262860620","11775000","164548970","58797835","497982425"
"2023/04/18","179384075","62636985","138668345","44083330","424772735"
"2023/04/17","426048870","0","40032790","112670080","578751740"
"2023/04/14","498368325","0","121855350","74174640","694398315"
"2023/04/13","393085595","16149185","109036690","123542200","641813670"
"2023/04/12","473710870","0","116782345","88082790","678576005"
"2023/04/11","539548715","3300","83212640","110883140","733647795"
"2023/04/10","137705615","259105","115158185","93337840","346460745"
"2023/04/07","471040215","0","63107280","121797825","655945320"
"2023/04/06","456559125","0","61890445","259287905","777737475"
"2023/04/05","483758555","218860","127826230","186421410","798225055"
"2023/04/04","121127110","0","110356360","62740720","294224190"
"2023/04/03","117854210","4984925","110759130","64457620","298055885"
"2023/03/31","162585545","0","96286995","53795605","312668145"
"2023/03/30","67702560","0","52242125","18556720","138501405"
"2023/03/29","87135390","0","47168015","23563295","157866700"
"2023/03/28","117836765","0","83264995","56137410","257239170"
"2023/03/27","89332905","0","182728885","62515520","334577310"
"2023/03/24","56367620","0","87687895","22106460","166161975"
"2023/03/23","74896235","0","52733930","44796805","172426970"
"2023/03/22","27439540","0","118121820","20894820","166456180"
"2023/03/21","5796685","341000","61747050","45546885","113431620"
"2023/03/20","22639900","0","75675915","68386340","166702155"
"2023/03/17","15610960","0","137405655","63294880","216311495"
"2023/03/16","7761160","341000","265764280","71745925","345612365"
"2023/03/15","619655825","0","89004760","172834785","881495370"
"2023/03/14","392060225","0","100458695","118437680","610956600"
"2023/03/13","790874315","344500","479517595","262046590","1532783000"
"2023/03/10","68831200","0","319107715","65088475","453027390"
"2023/03/09","53164295","0","59626450","35522485","148313230"
"2023/03/08","44591140","1077000","85278010","67045870","197992020"
"2023/03/07","204153120","0","81251000","48495235","333899355"
"2023/03/06","20751995","0","93695920","28925540","143373455"
"2023/03/03","56628470","0","82327860","56282545","195238875"
"2023/03/02","55848090","0","53298320","47431205","156577615"
"2023/02/28","42231295","0","76685130","27706580","146623005"
"2023/02/27","24489035","363000","94283650","35130945","154266630"
"2023/02/24","60391655","360000","132537385","38120965","231410005"
"2023/02/23","146720755","0","74783755","32350010","253854520"
"2023/02/22","77663395","358000","49936185","22103325","150060905"
"2023/02/21","95316040","0","155216455","36244095","286776590"
"2023/02/20","38334525","0","113863360","21510380","173708265"
"2023/02/17","111076840","0","126230710","22323970","259631520"
"2023/02/16","140400510","0","235533190","54459205","430392905"
"2023/02/15","195087595","0","67013455","58814885","320915935"
"2023/02/14","68283500","0","48911255","23773745","140968500"
"2023/02/13","54325275","0","59571930","12339560","126236765"
"2023/02/10","27848650","0","69063225","8659920","105571795"
"2023/02/09","90830135","0","217482685","6075720","314388540"
"2023/02/08","196821810","0","80990050","18381425","296193285"
"2023/02/07","287224145","0","199531295","21852310","508607750"
"2023/02/06","200088600","0","218492175","35016210","453596985"
"2023/02/03","312331350","0","74571685","126998010","513901045"
"2023/02/02","232101390","11280000","344716630","10780105","598878125"
"2023/02/01","163949675","0","165634645","14135515","343719835"
"2023/01/31","92091310","23234615","143710860","10432740","269469525"
"2023/01/30","121225690","0","148314165","31938440","301478295"
"2023/01/27","193331170","46151810","203604065","23757130","466844175"
"2023/01/26","195313000","60022690","188265050","113380890","556981630"
"2023/01/25","170576885","16985260","144276930","99485585","431324660"
"2023/01/20","219757960","7044350","393024775","105031140","724858225"
"2023/01/19","795164695","621460","129880940","121209525","1046876620"
"2023/01/18","390147925","115500975","428829375","59402540","993880815"
"2023/01/17","675089895","75900","83356015","126364150","884885960"
"2023/01/16","483934310","9017535","445810035","60099700","998861580"
"2023/01/13","90414790","621920","131500415","35792835","258329960"
"2023/01/12","158858395","0","141580815","49027545","349466755"
"2023/01/11","140856345","18030050","55082130","47618845","261587370"
"2023/01/10","220311250","0","124598945","75845400","420755595"
"2023/01/09","334759985","0","59257210","140086540","534103735"
"2023/01/06","286785790","12239970","116140075","117855625","533021460"
"2023/01/05","521164100","41694260","753887310","127131825","1443877495"
"2023/01/04","357513100","0","154250385","42766105","554529590"
"2023/01/03","119727990","0","263147980","107842400","490718370"
"2023/01/02","127079000","0","90341255","78849850","296270105"
"2022/12/29","47198305","1358500","429960690","118620055","597137550"
"2022/12/28","147502120","1010000","199958060","154381155","502851335"
"2022/12/27","304823740","0","401049980","155572670","861446390"
"2022/12/26","107776750","0","87017575","140823075","335617400"
"2022/12/23","222909040","0","190499835","113465270","526874145"
"2022/12/22","368280410","91267000","199412100","70449020","729408530"
"2022/12/21","255777370","82125000","68039835","20930875","426873080"
"2022/12/20","225574210","79800000","182291820","182496630","670162660"
"2022/12/19","147866945","0","50445680","54044950","252357575"
"2022/12/16","169731065","999500","296290405","37063440","504084410"
"2022/12/15","386275165","0","103554165","23952465","513781795"
"2022/12/14","175329650","0","81363625","15038920","271732195"
"2022/12/13","173179335","6490","178835365","20668945","372690135"
"2022/12/12","264256210","0","48906645","38686010","351848865"
"2022/12/09","210724060","0","33300805","45646695","289671560"
"2022/12/08","99611760","979000","98138445","68689700","267418905"
"2022/12/07","268805255","0","246010395","102260645","617076295"
"2022/12/06","208754730","6326670","294749310","95136045","604966755"
"2022/12/05","470142575","13568980","151085650","44714485","679511690"
"2022/12/02","433790665","0","102266250","23710145","559767060"
"2022/12/01","528266435","6405000","353045925","50421295","938138655"
"2022/11/30","346349740","0","109831095","13927675","470108510"
"2022/11/29","427941245","0","123330755","16029920","567301920"
"2022/11/28","299805285","625000","212915695","57578945","570924925"
"2022/11/25","257766190","0","93314905","2066195","353147290"
"2022/11/24","52845875","0","86023285","5899685","144768845"
"2022/11/23","166712495","0","84320080","10340795","261373370"
"2022/11/22","159240380","0","81291810","21615955","262148145"
"2022/11/21","129532185","3116755","125098845","53024375","310772160"
"2022/11/18","86589450","0","135477285","13303750","235370485"
"2022/11/17","252650740","0","402404625","54322080","709377445"
"2022/11/16","380073185","634400","61773780","25662785","468144150"
"2022/11/15","186796665","0","70539170","46412265","303748100"
"2022/11/14","582773070","3140","165623665","53265880","801665755"
"2022/11/11","332571775","939500","270348700","38388330","642248305"
"2022/11/10","189814530","0","161956580","38158935","389930045"
"2022/11/09","302390825","3477500","181254500","16592645","503715470"
"2022/11/08","338201890","0","31463325","6268925","375934140"
"2022/11/07","258155955","3005000","51491380","18903520","331555855"
"2022/11/04","207240845","0","142604490","73751830","423597165"
"2022/11/03","514641010","7537160","341438975","151398385","1015015530"
"2022/11/02","558741085","2243600","679729100","138082950","1378796735"
"2022/11/01","283443925","3682940","94490455","15801590","397418910"
"2022/10/31","543305380","1780500","113598640","51414185","710098705"
"2022/10/28","483360345","2384000","119449555","63508535","668702435"
"2022/10/27","705164160","40040550","269597405","23053035","1037855150"
"2022/10/26","673395255","26933665","46280095","62550720","809159735"
"2022/10/25","903625140","32023240","86391265","131152335","1153191980"
"2022/10/24","758061785","2334500","226855855","85642310","1072894450"
"2022/10/21","804862865","1443000","144185295","20683320","971174480"
"2022/10/20","736903020","14159450","146781890","43054975","940899335"
"2022/10/19","959717790","922000","554341090","73280455","1588261335"
"2022/10/18","747890420","17812100","186754695","13896545","966353760"
"2022/10/17","404213245","1306500","62737410","38070680","506327835"
"2022/10/14","326639065","0","111595765","22046015","460280845"
"2022/10/13","748595215","48432965","188169850","184295330","1169493360"
"2022/10/12","786129255","0","203091775","176872235","1166093265"
"2022/10/11","312305985","29663150","104836475","79385225","526190835"
"2022/10/07","167241680","0","34348530","5219055","206809265"
"2022/10/06","310077255","33999845","157506725","26707705","528291530"
"2022/10/05","138933440","4195000","55876790","4622440","203627670"
"2022/10/04","105627450","10537585","29919975","1823530","147908540"
"2022/09/30","126003350","33599990","24456390","17458900","201518630"
"2022/09/29","39946215","0","31543825","21439755","92929795"
"2022/09/28","96433840","2966000","44097325","5784695","149281860"
"2022/09/27","82579635","21019830","50301610","24247680","178148755"
"2022/09/26","231411580","214250","140927355","65773540","438326725"
"2022/09/23","56816945","22196005","35940350","15504025","130457325"
"2022/09/22","44684750","0","53554040","6390480","104629270"
"2022/09/21","69387105","0","5163450","2341790","76892345"
"2022/09/20","270202410","0","12492485","3874580","286569475"
"2022/09/19","48343985","0","32284815","4713410","85342210"
"2022/09/16","21236860","0","341238185","6041455","368516500"
"2022/09/15","5838920","0","42786235","1132010","49757165"
"2022/09/14","41215520","0","59043695","457200","100716415"
"2022/09/13","9440285","0","51461080","1476625","62377990"
"2022/09/08","7668585","0","48378615","5010845","61058045"
"2022/09/07","52190120","0","23735755","9765110","85690985"
"2022/09/06","24225635","0","33699665","0","57925300"
"2022/09/05","47965185","0","58809820","2590105","109365110"
"2022/09/02","21706625","0","119290775","34617055","175614455"
"2022/09/01","35245865","0","665958095","46212840","747416800"
"2022/08/31","23893455","27390","40879175","1867235","66667255"
"2022/08/30","159933465","0","46765340","5180825","211879630"
"2022/08/29","144760755","0","40147785","17478755","202387295"
"2022/08/26","218232395","231750","127150630","9137840","354752615"
"2022/08/25","96434625","0","19015810","3008530","118458965"
"2022/08/24","45251560","0","63719935","11838915","120810410"
"2022/08/23","16408710","138900","35450140","6768505","58766255"
"2022/08/22","12539740","281150","69529830","7414990","89765710"
"2022/08/19","16436190","2361495","38953235","356440","58107360"
"2022/08/18","19261150","0","46747455","757925","66766530"
"2022/08/17","6126115","0","51837065","97545","58060725"
"2022/08/16","109192520","0","120918330","3795930","233906780"
"2022/08/12","150946915","460500","82030715","4170840","237608970"
"2022/08/11","158428030","0","44887265","13144305","216459600"
"2022/08/10","97399480","0","25732470","11321040","134452990"
"2022/08/09","203539305","0","25478530","11936765","240954600"
"2022/08/08","14625625","88985","31635595","1854135","48204340"
"2022/08/05","104947540","103100","58798105","13546715","177395460"
"2022/08/04","36917000","372400","64267355","11671840","113228595"
"2022/08/03","131729660","36327970","37876320","36337390","242271340"
"2022/08/02","39074395","3106400","97875460","10965255","151021510"
"2022/08/01","91408835","3721250","130520305","39768935","265419325"
"2022/07/29","199899800","10743240","188615275","17226385","416484700"
"2022/07/28","71095855","0","27238625","2985680","101320160"
"2022/07/27","126630040","6031020","52626975","2435620","187723655"
"2022/07/26","61758085","0","51218340","6455245","119431670"
"2022/07/25","35743775","0","132782625","394205","168920605"
"2022/07/22","137587640","0","232740670","25701910","396030220"
"2022/07/21","183314815","0","174542210","7701770","365558795"
"2022/07/20","172385380","0","46285525","53666595","272337500"
"2022/07/19","142217265","0","367096265","17675505","526989035"
"2022/07/18","84871445","0","65692145","8729910","159293500"
"2022/07/15","162257595","0","108083945","3808305","274149845"
"2022/07/14","7328660",,"69213515","7777680","84319855"
"2022/07/13","30975360","0","58726110","1821365","91522835"
"2022/07/12","49610045","0","107195475","23004295","179809815"
"2022/07/11","29742015","0","125300630","7525545","162568190"
"2022/07/08","46755190","55393030","84197100","973965","187319285"
"2022/07/07","6637625","314650","128217550","3732495","138902320"
"2022/07/06","62342470","0","92229275","29790145","184361890"
"2022/07/05","129598470","0","143648190","53722050","326968710"
"2022/07/04","203073510","27086865","1327763460","251852310","1809776145"
"2022/07/01","223856030","19224295","332037015","39887550","615004890"
"2022/06/30","87148115","3139200","165807665","52250565","308345545"
"2022/06/29","309738835","0","157942030","25760565","493441430"
"2022/06/28","68177010","0","326626990","12961590","407765590"
"2022/06/27","194254590","0","75627145","5707770","275589505"
"2022/06/24","165412735","36370655","146407340","102807230","450997960"
"2022/06/23","218483000","0","306310225","165502100","690295325"
"2022/06/22","156547820","1447160","512621820","231882030","902498830"
"2022/06/21","296393670","0","196500850","166386790","659281310"
"2022/06/20","235627730","845800","415258020","246040800","897772350"
"2022/06/17","129434970","26250000","672547970","1210131520","2038364460"
"2022/06/16","162683130","0","73616490","56606450","292906070"
"2022/06/15","297146350","10520000","172261150","71359490","551286990"
"2022/06/14","418035190","0","444131750","54182060","916349000"
"2022/06/13","119012490","19119110","302633620","20693160","461458380"
"2022/06/10","321792520","50494110","217172440","17278170","606737240"
"2022/06/09","72524680","0","102889960","14807600","190222240"
"2022/06/08","153421240","0","184209080","26867830","364498150"
"2022/06/07","265107740","27591000","169842550","47367860","509909150"
"2022/06/03","142758130","32400000","207111880","12240690","394510700"
"2022/06/02","91168290","5659500","274783810","15347810","386959410"
"2022/05/31","355462420","214000","300207770","22359150","678243340"
"2022/05/30","356015420","133250","425953970","3523220","785625860"
"2022/05/27","99024210","170960140","289267230","9129390","568380970"
"2022/05/26","180574060","15191910","150837320","3541390","350144680"
"2022/05/25","474617720","262058820","190972880","52890","927702310"
"2022/05/24","212700880","122422480","88134010","21749680","445007050"
"2022/05/23","41293470","1139500","79982720","7293020","129708710"
"2022/05/20","157340080","142794110","81694070","36000710","417828970"
"2022/05/19","122808300","85721790","34698370","7568100","250796560"
"2022/05/18","1841508610","30526420","157938770","316451590","2346425390"
"2022/05/17","35123300","3093500","119367350","5563500","163147650"
"2022/05/16","11944750","36938380","128209140","2813780","179906050"
"2022/05/13","127238870","5467400","89692580","3352940","225751790"
"2022/05/12","59417970","0","318401570","16689090","394508630"
"2022/05/11","152361680","0","147121900","8188770","307672350"
"2022/05/10","156472820","0","371934040","32288710","560695570"
"2022/05/09","70950540","0","182506440","8862010","262318990"
"2022/05/06","106948260","0","271328030","4781010","383057300"
"2022/05/04","57171580","0","213246210","95020370","365438160"
"2022/05/03","551882340","0","810870650","29960300","1392713290"
"2022/05/02","354391370","0","332909660","14443600","701744630"
"2022/04/29","90688980","0","301144440","7659400","399492820"
"2022/04/28","71308330","1449360","343216030","31892400","447866120"
"2022/04/27","348490530","126190000","451550640","18567870","944799040"
"2022/04/26","360966510","0","519904860","6770000","887641370"
"2022/04/25","146792840","0","349831790","37607310","534231940"
"2022/04/22","121999010","20177360","260811770","3570790","406558930"
"2022/04/21","145113940","16995290","294636440","7543640","464289310"
"2022/04/20","387067290","0","168864860","64495290","620427440"
"2022/04/19","356516050","0","139950470","73828740","570295260"
"2022/04/18","465668800","0","427992880","194884730","1088546410"
"2022/04/15","797035140","290829440","1251386270","69501070","2408751920"
"2022/04/14","87572590","0","627265840","24646950","739485380"
"2022/04/13","106952780","54050000","1216358470","54270940","1431632190"
"2022/04/12","283332850","0","426929170","53605750","763867770"
"2022/04/11","33914720","107600000","276886390","4142600","422543710"
"2022/04/08","583156720","0","223849770","14058420","821064910"
"2022/04/07","109770520","0","228066130","3985770","341822420"
"2022/04/06","287588400","106840","249207370","16474550","553377160"
"2022/04/05","538003060","963800","312515850","64259020","915741730"
"2022/04/04","353795370","4298720","202428800","36509720","597032610"
"2022/04/01","380928030","106300000","636124750","20589860","1143942640"
"2022/03/31","209530370","0","802402590","32286840","1044219800"
"2022/03/30","173147080","26300000","406794110","0","606241190"
"2022/03/29","207188020","0","259725450","0","466913470"
"2022/03/28","191586040","0","212561650","893720","405041410"
"2022/03/25","62511950","183050","180031760","2876500","245603260"
"2022/03/24","150639430","0","171922470","538570","323100470"
"2022/03/23","77315770","0","105391630","6521820","189229220"
"2022/03/22","116982780","0","213370350","6729490","337082620"
"2022/03/21","174717260","0","288389830","37085690","500192780"
"2022/03/18","322034460","172424330","113962140","2621360","611042290"
"2022/03/17","173795600","0","126807170","3123380","303726150"
"2022/03/16","74903740","25179000","134128350","3594270","237805360"
"2022/03/15","106689600","1071000","164252050","7296720","279309370"
"2022/03/14","91622300","59244080","297338990","24803080","473008450"
"2022/03/11","58247330","114852910","124470860","21635190","319206290"
"2022/03/10","115489270","253194350","276388740","8221870","653294230"
"2022/03/08","55623320","0","211410300","1526910","268560530"
"2022/03/07","178689800","36396860","351159600","49733310","615979570"
"2022/03/04","270209760","12986090","477018870","11433150","771647870"
"2022/03/03","227968440","2401920","703618570","852490","934841420"
"2022/03/02","270719970","0","391944700","2848120","665512790"
"2022/02/28","48542700","0","291205850","21130410","360878960"
"2022/02/25","249073760","1038000","114197870","23708100","388017730"
"2022/02/24","199006180","5595200","310487030","54442360","569530770"
"2022/02/23","126810870","0","136588310","74139450","337538630"
"2022/02/22","106538240","68221120","240011090","114697220","529467670"
"2022/02/21","517576230","29434440","742831030","110318690","1400160390"
"2022/02/18","2102735320","380123940","587385620","25820410","3096065290"
"2022/02/17","116178630","0","242610890","31163990","389953510"
"2022/02/16","58590040","0","249142000","2980530","310712570"
"2022/02/15","25582990","0","217987450","12359110","255929550"
"2022/02/14","48920960","46613770","194104040","7782560","297421330"
"2022/02/11","72728980","60218000","177754750","18555630","329257360"
"2022/02/10","84883890","0","278187380","18164630","381235900"
"2022/02/09","130858890","70258660","187456840","11352610","399927000"
"2022/02/08","214650470","0","301423030","19602900","535676400"
"2022/02/07","193502300","50925110","232888060","13887840","491203310"
"2022/02/04","116412160","20440000","139245510","20118610","296216280"
"2022/02/03","84320880","40840000","417527020","12940190","555628090"
"2022/01/28","95387890","25300000","249628580","3044950","373361420"
"2022/01/27","168680760","41357670","420372250","17456050","647866730"
"2022/01/26","103832900","50750000","96114120","2489370","253186390"
"2022/01/25","132672200","15210000","458611300","33461780","639955280"
"2022/01/24","63988630","15340000","287887350","16564660","383780640"
"2022/01/21","21191320","120078140","267142920","1482030","409894410"
"2022/01/20","27719320","0","321995900","16623670","366338890"
"2022/01/19","38458600","808000","455215410","37551510","532033520"
"2022/01/18","11197050","0","404776490","17475070","433448610"
"2022/01/17","125594620","101632430","1394318830","61425320","1682971200"
"2022/01/14","456789070","576300","943300930","2472660","1403138960"
"2022/01/13","148380240","0","771716840","141274540","1061371620"
"2022/01/12","282787280","0","539389100","100709890","922886270"
"2022/01/11","148148240","0","437134780","104084960","689367980"
"2022/01/10","199879000","6840250","535611270","168659090","910989610"
"2022/01/07","317622340","0","207791490","190936520","716350350"
"2022/01/06","52474120","0","448934050","135662950","637071120"
"2022/01/05","46521420","10380","294263880","131525810","472321490"
"2022/01/04","75041790","0","603618450","101614360","780274600"
"2022/01/03","270964420","13660400","503986170","102441490","891052480"
"2021/12/30","391149000","212229350","261132440","133072420","997583210"
"2021/12/29","49953120","0","577134220","150878830","777966170"
"2021/12/28","420447440","20769000","982268560","141459270","1564944270"
"2021/12/27","271559610","39471460","326077100","106120840","743229010"
"2021/12/24","218594280","1669500","210856270","178104230","609224280"
"2021/12/23","112745330","49355510","338603700","156972190","657676730"
"2021/12/22","68464500","4808830","374304360","277569060","725146750"
"2021/12/21","1538697360","276465230","1294078660","410938400","3520179650"
"2021/12/20","3345606680","409818040","703591970","1138314270","5597330960"
"2021/12/17","12152580","515480","343315500","42080","356025640"
"2021/12/16","38851540","0","616585910","103583010","759020460"
"2021/12/15","65603540","4435050","874551490","7810670","952400750"
"2021/12/14","616891700","2194400","358446820","13400190","990933110"
"2021/12/13","164456410","2112510","564070070","47750120","778389110"
"2021/12/10","246846620","70241600","778800190","25312240","1121200650"
"2021/12/09","596189210","67425160","252228970","25516720","941360060"
"2021/12/08","454112450","0","589349300","59402720","1102864470"
"2021/12/07","279831590","141582060","333050820","5798190","760262660"
"2021/12/06","458801170","20840","895443260","69214060","1423479330"
"2021/12/03","597138560","31950180","651318490","182581460","1462988690"
"2021/12/02","381582270","27222240","988529740","45599310","1442933560"
"2021/12/01","599634180","3098000","1537683660","208422090","2348837930"
"2021/11/30","1376273360","161979440","3174606430","460364900","5173224130"
"2021/11/29","1362269460","254292020","1911448340","126413090","3654422910"
"2021/11/26","626799840","569965490","2077355510","27392240","3301513080"
"2021/11/25","79351410","0","1297157050","150359000","1526867460"
"2021/11/24","302262390","13618930","2952150930","71080900","3339113150"
"2021/11/23","523012960","39443840","1469999240","43418730","2075874770"
"2021/11/22","1042159210","131695260","3240428580","498180660","4912463710"
"2021/11/19","733703390","127030450","5425311530","66657380","6352702750"
"2021/11/18","29264761630","4936190340","44863666420","11959804510","91024422900"