일자,기관 합계,기타법인,개인,외국인 합계,전체
"2023/05/04","187114225","182552715","230025155","19118095","618810190"
"2023/05/03","51340385","145186825","272804800","2193875","471525885"
"2023/05/02","145458050","169193230","120288305","31337270","466276855"
"2023/04/28","183510240","143848915","246076670","33666205","607102030"
"2023/04/27","95456085","0","390128665","228329375","713914125"
"2023/04/26","81055955","145204575","202610885","92184845","521056260"
"2023/04/25","684647055","0","121688025","129374500","935709580"
"2023/04/24","626931500","1459625","303490120","51404095","983285340"
"2023/04/21","685459915","70081840","229302120","201272105","1186115980"
"2023/04/20","525070265","160071635","205747275","68323130","959212305"
"2023/04/19","299770350","49648620","174826720","209220475","733466165"
"2023/04/18","442839900","258930645","297808695","36202605","1035781845"
"2023/04/17","510305530","25722180","170630730","288155680","994814120"
"2023/04/14","333784685","282384185","145083305","157201735","918453910"
"2023/04/13","342723180","109237530","214285450","103167700","769413860"
"2023/04/12","135615675","181431000","163407780","85134170","565588625"
"2023/04/11","220376150","216150125","253603375","105220720","795350370"
"2023/04/10","411249895","0","341503535","152779135","905532565"
"2023/04/07","298268450","0","80475110","52459935","431203495"
"2023/04/06","275265880","0","201743580","237306360","714315820"
"2023/04/05","409372295","110517335","141925175","261306540","923121345"
"2023/04/04","337516865","0","135583465","99686315","572786645"
"2023/04/03","205454110","12243540","141049820","149742960","508490430"
"2023/03/31","360229470","0","368654980","220779520","949663970"
"2023/03/30","343940520","0","174344745","75071220","593356485"
"2023/03/29","334033200","0","66410830","79207995","479652025"
"2023/03/28","84153840","0","80070630","129669750","293894220"
"2023/03/27","343710085","54627650","238239170","365978725","1002555630"
"2023/03/24","174135740","27862500","81486150","151125225","434609615"
"2023/03/23","347882895","0","107470250","187174260","642527405"
"2023/03/22","61712455","0","176666670","120529305","358908430"
"2023/03/21","30184845","0","102248240","48287550","180720635"
"2023/03/20","97786980","0","117905470","23779690","239472140"
"2023/03/17","270386150","37700","304333025","522637680","1097394555"
"2023/03/16","70222590","3790","298275345","34300580","402802305"
"2023/03/15","103080935","3800","99361450","31640865","234087050"
"2023/03/14","196437735","0","311108625","90760355","598306715"
"2023/03/13","191958910","7650","258560330","50110180","500637070"
"2023/03/10","102695420","0","287773480","61600425","452069325"
"2023/03/09","114357805","3945","148378110","41456505","304196365"
"2023/03/08","113874745","12280590","225184855","49628060","400968250"
"2023/03/07","210169660","28108540","176304645","54076470","468659315"
"2023/03/06","238740295","7970","139628795","99803970","478181030"
"2023/03/03","98168245","3925","209168890","62314035","369655095"
"2023/03/02","226615230","3900","142356570","122202245","491177945"
"2023/02/28","199212130","3910","205792065","200161605","605169710"
"2023/02/27","215438125","7815","297278935","105311545","618036420"
"2023/02/24","174476230","70174925","375637785","157828405","778117345"
"2023/02/23","54491725","3845","227581805","201844670","483922045"
"2023/02/22","91727270","0","148465640","647776580","887969490"
"2023/02/21","99872565","7650","294353965","214736930","608971110"
"2023/02/20","114691360","3860","273333010","238061475","626089705"
"2023/02/17","79889940","3880","92177765","291949945","464021530"
"2023/02/16","113856955","3890","105706965","174926040","394493850"
"2023/02/15","179415160","3900","241533810","197168095","618120965"
"2023/02/14","191895975","0","69792255","129356150","391044380"
"2023/02/13","278985230","0","223053550","444187605","946226385"
"2023/02/10","203064815","4000","628205810","710724105","1541998730"
"2023/02/09","67227450","4050","117317270","211790120","396338890"
"2023/02/08","93894260","4050","108932765","122027595","324858670"
"2023/02/07","139058100","101424420","114789855","324292300","679564675"
"2023/02/06","23745760","1413150","175630975","513269945","714059830"
"2023/02/03","49323250","45540","465143815","942303860","1456816465"
"2023/02/02","140952190","14782550","626895550","199611905","982242195"
"2023/02/01","149981190","0","245191225","1008802360","1403974775"
"2023/01/31","5367301465","2040000","280801950","159105940","5809249355"
"2023/01/30","129349305","31949210","309330525","521884555","992513595"
"2023/01/27","205125155","2069225","84716595","734824595","1026735570"
"2023/01/26","276497130","7365000","344115380","504844275","1132821785"
"2023/01/25","185411895","7391375","493365390","118221555","804390215"
"2023/01/20","776604110","7484020","298250405","165667750","1248006285"
"2023/01/19","615755210","0","124213815","189410050","929379075"
"2023/01/18","155740570","446755","537023395","446458860","1139669580"
"2023/01/17","214087970","1067200","140407200","539413185","894975555"
"2023/01/16","756446260","11141935","912265270","77385985","1757239450"
"2023/01/13","244299610","1236775","123177310","154244320","522958015"
"2023/01/12","577811225","8080790","370139175","226798890","1182830080"
"2023/01/11","126564895","52466735","126383580","203653490","509068700"
"2023/01/10","298643275","12130","74051735","104018315","476725455"
"2023/01/09","247074690","8085","149699735","103643080","500425590"
"2023/01/06","143221505","413615","229176700","297515805","670327625"
"2023/01/05","279961635","615035","690331420","115223975","1086132065"
"2023/01/04","38592280","785000","235074240","112853855","387305375"
"2023/01/03","79727470","401955","823463715","748427820","1652020960"
"2023/01/02","28258105","4000","183646675","70063080","281971860"
"2022/12/29","291202730","2026485","258081650","99304990","650615855"
"2022/12/28","763430970","806545","291889375","613513825","1669640715"
"2022/12/27","57289600","19751400","754803470","35427175","867271645"
"2022/12/26","151787075","27541440","333747510","56101960","569177985"
"2022/12/23","14976425","846125","426648200","120392045","562862795"
"2022/12/22","39713000","741805","717099095","117577950","875131850"
"2022/12/21","21670385","16230","229070175","70544080","321300870"
"2022/12/20","130773075","6548215","228642510","242434000","608397800"
"2022/12/19","155217890","0","85855910","128497400","369571200"
"2022/12/16","136208310","8225","191845780","642509960","970572275"
"2022/12/15","163777570","290500","260288285","554273290","978629645"
"2022/12/14","97728065","12760935","898587395","142158765","1151235160"
"2022/12/13","19935780","3884850","331456920","92333625","447611175"
"2022/12/12","26265365","4065","378365425","36784705","441419560"
"2022/12/09","68614760","8035","237239550","80845095","386707440"
"2022/12/08","65736620","4025","312326380","36859605","414926630"
"2022/12/07","13397230","394500","420983285","26703575","461478590"
"2022/12/06","26096240","3945","129578395","164823780","320502360"
"2022/12/05","59377340","312840","192486195","105573280","357749655"
"2022/12/02","116580675","0","224762670","166744400","508087745"
"2022/12/01","118126065","0","1021638430","87676175","1227440670"
"2022/11/30","88637450","210689505","544215320","339694490","1183236765"
"2022/11/29","35213305","2741000","554041640","145148965","737144910"
"2022/11/28","111115175","0","604712760","108300295","824128230"
"2022/11/25","30702365","775500","454363975","22408170","508250010"
"2022/11/24","3738345","0","343720885","28077180","375536410"
"2022/11/23","135867545","380500","260869090","29034855","426151990"
"2022/11/22","70672240","6383500","192558010","42600870","312214620"
"2022/11/21","189661555","7570","310665540","210908065","711242730"
"2022/11/18","19652460","0","597370480","100371580","717394520"
"2022/11/17","96494900","0","408418335","103174590","608087825"
"2022/11/16","19254615","16058500","547910195","222781260","806004570"
"2022/11/15","59905480","0","264726400","221622255","546254135"
"2022/11/14","134641100","8682235","1209196610","323632150","1676152095"
"2022/11/11","401296980","44410665","888337810","170815740","1504861195"
"2022/11/10","62972825","1069085","261679775","149775785","475497470"
"2022/11/09","81749620","706500","610584925","130006485","823047530"
"2022/11/08","127568130","0","294974100","41041110","463583340"
"2022/11/07","192337545","0","408303355","187461335","788102235"
"2022/11/04","777116875","130465","799090875","764021320","2340359535"
"2022/11/03","472077645","485100","422351150","975040350","1869954245"
"2022/11/02","307428325","117869825","411923995","696548805","1533770950"
"2022/11/01","713849960","10905000","228469410","528502570","1481726940"
"2022/10/31","569261790","14890000","495887700","976236750","2056276240"
"2022/10/28","404588375","8488500","213438495","404226370","1030741740"
"2022/10/27","1143463615","28268350","464888005","754533220","2391153190"
"2022/10/26","526516860","3214500","341071030","458741735","1329544125"
"2022/10/25","460154365","19385165","434806310","1188726255","2103072095"
"2022/10/24","511050970","22124060","494637885","1083432360","2111245275"
"2022/10/21","914026990","12702220","785244395","802429530","2514403135"
"2022/10/20","1044625750","46959220","905643530","973184085","2970412585"
"2022/10/19","2159719885","32380965","453659565","494521565","3140281980"
"2022/10/18","1246109690","33804330","440311315","297459085","2017684420"
"2022/10/17","639758305","11032300","472930565","305442630","1429163800"
"2022/10/14","494985700","35288550","437060820","758007165","1725342235"
"2022/10/13","403554640","4092400","259019255","510179765","1176846060"
"2022/10/12","691867705","8610395","156495505","868950240","1725923845"
"2022/10/11","452175130","45111670","466644795","534484595","1498416190"
"2022/10/07","227073395","15115000","161840250","326369930","730398575"
"2022/10/06","57454665","22040285","183066145","469796270","732357365"
"2022/10/05","294381910","11300500","188607585","413882095","908172090"
"2022/10/04","355870270","34793500","350877475","522702290","1264243535"
"2022/09/30","465788625","12556700","434216055","585010200","1497571580"
"2022/09/29","414260935","0","286413260","238003295","938677490"
"2022/09/28","283297670","2918190","770173245","189696075","1246085180"
"2022/09/27","155397230","404685","344292860","321093130","821187905"
"2022/09/26","382974800","14369000","708208375","299344195","1404896370"
"2022/09/23","207209970","55488360","368865710","308118685","939682725"
"2022/09/22","70189695","20000000","316785610","98597480","505572785"
"2022/09/21","157137230","2740000","205174820","430669120","795721170"
"2022/09/20","105154880","476900","234912970","186452500","526997250"
"2022/09/19","128260680","2020000","235123120","552529170","917932970"
"2022/09/16","211357270","1014000","699722700","2971300390","3883394360"
"2022/09/15","73479420","0","227237480","295961400","596678300"
"2022/09/14","108603165","70892880","608814145","452785855","1241096045"
"2022/09/13","64406680","89688270","449970130","409726680","1013791760"
"2022/09/08","56397610","1609600","248019315","410852365","716878890"
"2022/09/07","342254800","20299530","606454460","396780605","1365789395"
"2022/09/06","270964050","0","211038240","161539440","643541730"
"2022/09/05","348188790","0","446746870","99002550","893938210"
"2022/09/02","393146600","1764000","323102140","410168180","1128180920"
"2022/09/01","122577420","10145080","144678980","336242860","613644340"
"2022/08/31","198985450","5060","275194770","322119830","796305110"
"2022/08/30","41723350","0","298067200","186920200","526710750"
"2022/08/29","294739980","3018000","485620420","334772780","1118151180"
"2022/08/26","209435630","0","328505540","245557200","783498370"
"2022/08/25","343578430","3752350","141224980","349091660","837647420"
"2022/08/24","157019860","0","343139560","296595220","796754640"
"2022/08/23","151530820","1010000","260849220","787051130","1200441170"
"2022/08/22","87664700","0","421170070","387573350","896408120"
"2022/08/19","40750980","25500000","625609380","503547970","1195408330"
"2022/08/18","394401600","0","184628040","264636270","843665910"
"2022/08/17","346180590","0","344985480","386498740","1077664810"
"2022/08/16","502239470","23325000","386697550","505474430","1417736450"
"2022/08/12","603672740","10150","304843650","365238500","1273765040"
"2022/08/11","374050270","0","652793320","618221440","1645065030"
"2022/08/10","543545360","0","205932190","440889660","1190367210"
"2022/08/09","1310674340","0","231104120","293523890","1835302350"
"2022/08/08","672537430","10120","146254380","202836450","1021638380"
"2022/08/05","765416570","1521500","170501990","32372850","969812910"
"2022/08/04","371248000","0","357545950","1108892498","1837686448"
"2022/08/03","815376080","0","202702130","256889620","1274967830"
"2022/08/02","584502580","2487800","284597550","237571510","1109159440"
"2022/08/01","746639800","507000","337550190","308171640","1392868630"
"2022/07/29","921646870","36134660","440707130","83235420","1481724080"
"2022/07/28","954170660","0","208338240","128882800","1291391700"
"2022/07/27","1019474325","60260","172498125","95722720","1287755430"
"2022/07/26","1959607600","0","407862550","74597230","2442067380"
"2022/07/25","1748405695","0","349931700","139151620","2237489015"
"2022/07/22","512811940","0","131280060","88891460","732983460"
"2022/07/21","732331910","0","292966340","231008430","1256306680"
"2022/07/20","547477000","5080","389504960","184065170","1121052210"
"2022/07/19","347108920","1156240","153425750","110814540","612505450"
"2022/07/18","491115070","75900000","229499130","182917340","979431540"
"2022/07/15","716790760","0","223461170","158495710","1098747640"
"2022/07/14","188797000","255500","347123760","176352960","712529220"
"2022/07/13","201146030","518000","160044340","194893240","556601610"
"2022/07/12","187727510","262000","218873210","160462660","567325380"
"2022/07/11","68081950","0","323424430","163524720","555031100"
"2022/07/08","36112820","0","342303630","195327100","573743550"
"2022/07/07","22128030","0","268271490","290710290","581109810"
"2022/07/06","100766440","2701000","254827280","289154530","647449250"
"2022/07/05","254692230","22916670","596806950","358505350","1232921200"
"2022/07/04","493774670","5455720","442791020","368118740","1310140150"
"2022/07/01","82579970","1175400","465965520","722296950","1272017840"
"2022/06/30","298715500","330900","488236310","738809440","1526092150"
"2022/06/29","220348240","0","267406670","602958290","1090713200"
"2022/06/28","729941450","0","716620800","850733560","2297295810"
"2022/06/27","283196430","6393740","366785250","497424600","1153800020"
"2022/06/24","334598960","65797740","254687170","581106510","1236190380"
"2022/06/23","363760080","0","773188670","541746660","1678695410"
"2022/06/22","537932730","3384000","848442500","326179780","1715939010"
"2022/06/21","320097490","28600000","1094905220","190167410","1633770120"
"2022/06/20","554541820","858440","937324520","192250900","1684975680"
"2022/06/17","2474976050","65337910","2874396400","25401464510","30816174870"
"2022/06/16","1187971610","10690800","789903240","1534415850","3522981500"
"2022/06/15","846680900","36559010","1502645040","359724210","2745609160"
"2022/06/14","630653720","21364930","1501433980","1059499710","3212952340"
"2022/06/13","279971620","182486000","2282615130","735962550","3481035300"
"2022/06/10","1810349630","45362000","824961450","186080120","2866753200"
"2022/06/09","845184330","39422440","1425577590","159221990","2469406350"
"2022/06/08","1125694570","31213000","1926908240","156681740","3240497550"
"2022/06/07","1802698570","610000","1730038440","361909430","3895256440"
"2022/06/03","438521550","122208000","1435849580","211943620","2208522750"
"2022/06/02","2959277070","475253720","2883965340","341337370","6659833500"
"2022/05/31","794903610","30602000","2101263880","707066560","3633836050"
"2022/05/30","413721290","36119000","978031470","312944110","1740815870"
"2022/05/27","671012160","228513490","1024122170","332265360","2255913180"
"2022/05/26","485248730","276865530","2208716580","164618160","3135449000"
"2022/05/25","312175810","142696620","819522680","766407380","2040802490"
"2022/05/24","112675320","30023440","386279800","209080560","738059120"
"2022/05/23","24288910","5820000","397007360","235871680","662987950"
"2022/05/20","196317340","37714650","399661540","354131190","987824720"
"2022/05/19","377122700","1704960","278570060","189330170","846727890"
"2022/05/18","302760570","48631780","288837270","326887440","967117060"
"2022/05/17","343818740","7235760","448235070","434998110","1234287680"
"2022/05/16","442579690","0","392983590","300938330","1136501610"
"2022/05/13","241185780","5760","325385530","338712440","905289510"
"2022/05/12","120727570","575000","620794280","629132020","1371228870"
"2022/05/11","61486680","27771900","744324650","558951610","1392534840"
"2022/05/10","669394290","0","603125380","202584830","1475104500"
"2022/05/09","187627700","0","579389670","168458920","935476290"
"2022/05/06","642854200","0","546207510","81386230","1270447940"
"2022/05/04","1084271760","0","705819060","60076470","1850167290"
"2022/05/03","1226444100","34779830","737671730","80112720","2079008380"
"2022/05/02","474850780","1190000","965559590","55126920","1496727290"
"2022/04/29","500518120","66794000","850482720","76702060","1494496900"
"2022/04/28","824750300","58996260","1382455250","90238560","2356440370"
"2022/04/27","1140145810","33980370","1380235300","140825860","2695187340"
"2022/04/26","538352340","225261000","1175163420","146632170","2085408930"
"2022/04/25","1444764920","30074000","1404514960","348299570","3227653450"
"2022/04/22","682419350","59728360","2849241960","12836520","3604226190"
"2022/04/21","370221740","528049080","1054614370","92442680","2045327870"
"2022/04/20","556654130","149303830","702819740","125294100","1534071800"
"2022/04/19","550275530","198699450","916254070","148170420","1813399470"
"2022/04/18","1057081480","21271270","1296557840","214722220","2589632810"
"2022/04/15","1006482160","20057000","3177912210","637335090","4841786460"
"2022/04/14","118632030","45139230","1361935490","1168433730","2694140480"
"2022/04/13","332864550","9040570","1010995470","990150300","2343050890"
"2022/04/12","500783720","259652150","633823890","763968730","2158228490"
"2022/04/11","606872590","176348570","795905870","418195170","1997322200"
"2022/04/08","711043730","8947570","705106880","530845680","1955943860"
"2022/04/07","1080183200","7969320","720184970","157753490","1966090980"
"2022/04/06","1382291730","8127760","955444050","1117924980","3463788520"
"2022/04/05","1294698900","607000","610671910","1020199860","2926177670"
"2022/04/04","149567530","405300","969052700","541814210","1660839740"
"2022/04/01","467006370","13021220","982837010","74427010","1537291610"
"2022/03/31","362973580","384241240","1157920760","68372950","1973508530"
"2022/03/30","270613090","2030520","822442230","13840670","1108926510"
"2022/03/29","330548580","18673190","703419010","386648210","1439288990"
"2022/03/28","342624820","113850000","581928470","16551990","1054955280"
"2022/03/25","371110560","46734900","599314720","53629760","1070789940"
"2022/03/24","386539500","40427400","994281970","25552840","1446801710"
"2022/03/23","427108900","77010830","472507260","183220710","1159847700"
"2022/03/22","172152370","10252230","749285620","116723780","1048414000"
"2022/03/21","161957190","560000","643835690","28123800","834476680"
"2022/03/18","371599960","10870600","578865460","1096559040","2057895060"
"2022/03/17","427062890","178832510","437041390","361956730","1404893520"
"2022/03/16","337344430","10522470","445086450","15831130","808784480"
"2022/03/15","385111970","0","657777690","77833580","1120723240"
"2022/03/14","319954030","30499000","634441290","85047630","1069941950"
"2022/03/11","438041610","35711000","1264662780","78625160","1817040550"
"2022/03/10","191228520","101355320","954157330","102660660","1349401830"
"2022/03/08","170191850","29726000","921183060","372620090","1493721000"
"2022/03/07","180930540","86553270","777984770","133955020","1179423600"
"2022/03/04","194889720","268705780","1433939590","23150600","1920685690"
"2022/03/03","222111490","0","1056725460","900020","1279736970"
"2022/03/02","277472070","27500000","548703150","251459930","1105135150"
"2022/02/28","215913840","0","412957190","630258970","1259130000"
"2022/02/25","106445070","0","742619940","486136780","1335201790"
"2022/02/24","285267070","48068300","1283284290","60663880","1677283540"
"2022/02/23","165562040","46295040","393623710","105344580","710825370"
"2022/02/22","218902090","383600","560958270","43262100","823506060"
"2022/02/21","84138700","2200000","560685550","24939580","671963830"
"2022/02/18","98606350","0","934299500","56410240","1089316090"
"2022/02/17","29480240","235893150","585649520","114276700","965299610"
"2022/02/16","204778780","0","462179290","40057120","707015190"
"2022/02/15","11578340","0","420951670","206070350","638600360"
"2022/02/14","36690640","0","663119130","206632130","906441900"
"2022/02/11","198745580","58154640","690885540","70853140","1018638900"
"2022/02/10","334249040","225876380","479198030","75058480","1114381930"
"2022/02/09","382166460","202295530","331336370","100333410","1016131770"
"2022/02/08","434206880","279606680","395669220","120290710","1229773490"
"2022/02/07","600627740","22076000","931992580","271930920","1826627240"
"2022/02/04","338501780","0","594551770","74042240","1007095790"
"2022/02/03","596225480","528000","718777470","153074570","1468605520"
"2022/01/28","284412820","0","497776560","110269310","892458690"
"2022/01/27","535964000","6176160","831283420","64872480","1438296060"
"2022/01/26","283378230","2641220","481654420","45318390","812992260"
"2022/01/25","422768040","44203520","1093904030","169277240","1730152830"
"2022/01/24","175170270","85462990","735888850","190233680","1186755790"
"2022/01/21","91410880","27465000","987981150","46844520","1153701550"
"2022/01/20","179832540","0","673364480","118384540","971581560"
"2022/01/19","105116550","0","656769270","446604090","1208489910"
"2022/01/18","40017460","12390000","396882370","154437750","603727580"
"2022/01/17","248321680","0","1164723550","64947450","1477992680"
"2022/01/14","50598940","1629000","1182014940","165557200","1399800080"
"2022/01/13","339833360","16290000","515607840","41164260","912895460"
"2022/01/12","431352420","132705070","840907520","55000250","1459965260"
"2022/01/11","57528830","10960000","781510000","47130130","897128960"
"2022/01/10","55137260","8760000","740652000","89862310","894411570"
"2022/01/07","287927940","36989160","399929770","22409500","747256370"
"2022/01/06","398859030","0","670203060","7148400","1076210490"
"2022/01/05","473169450","5480","752355690","132806390","1358337010"
"2022/01/04","636758480","0","943902000","502817200","2083477680"
"2022/01/03","110558370","0","991273220","70528920","1172360510"
"2021/12/30","376032800","0","471527970","103846680","951407450"
"2021/12/29","274372890","55300","1228682010","422226070","1925336270"
"2021/12/28","312854450","2835650","2353344370","246444160","2915478630"
"2021/12/27","237185350","5666920","1356021470","50394860","1649268600"
"2021/12/24","383779220","0","698664560","24061660","1106505440"
"2021/12/23","63742190","0","993137510","26901400","1083781100"
"2021/12/22","225464490","58920000","849053870","12747510","1146185870"
"2021/12/21","653960010","3938000","826463650","169184810","1653546470"
"2021/12/20","450841000","116312000","854996600","125636820","1547786420"
"2021/12/17","274467110","29251160","289486100","526886220","1120090590"
"2021/12/16","202230220","29726400","633617800","35977410","901551830"
"2021/12/15","191698830","0","339893560","47755970","579348360"
"2021/12/14","381826310","1124000","687523800","364774920","1435249030"
"2021/12/13","64468400","29309840","967086240","74845270","1135709750"
"2021/12/10","243093480","71754420","351445200","128438270","794731370"
"2021/12/09","513498150","454580350","470150840","201487610","1639716950"
"2021/12/08","22436630","206016680","630804720","297740100","1156998130"
"2021/12/07","81413910","17424660","701160280","261535210","1061534060"
"2021/12/06","266353310","28050000","1525887540","167962470","1988253320"
"2021/12/03","156391160","224802170","886082940","118465100","1385741370"
"2021/12/02","168214880","83703200","721300120","174959420","1148177620"
"2021/12/01","314031700","28815370","1504070480","182000860","2028918410"
"2021/11/30","1611516120","28217070","2104468520","1518802120","5263003830"
"2021/11/29","320878320","56000000","1479507800","104527990","1960914110"
"2021/11/26","292336730","0","707306970","96965810","1096609510"
"2021/11/25","249441420","34758000","806410270","137306720","1227916410"
"2021/11/24","210091910","37387980","502310400","17668710","767459000"
"2021/11/23","84480650","11758300","440610140","140738480","677587570"
"2021/11/22","45183000","0","708723410","102188110","856094520"
"2021/11/19","124465450","399000","790262650","162742290","1077869390"
"2021/11/18","187148600","28300000","1548427930","223996390","1987872920"
"2021/11/17","310292940","398300","1220083380","299414900","1830189520"
"2021/11/16","269744970","28847600","873152970","471797980","1643543520"
"2021/11/15","43538610","0","877253400","180869940","1101661950"
"2021/11/12","386205240","442400","632909460","162447550","1182004650"
"2021/11/11","91157490","308995820","830931260","169757760","1400842330"
"2021/11/10","386096960","0","846001710","124853890","1356952560"
"2021/11/09","363750520","0","554263290","144273780","1062287590"
"2021/11/08","499505300","5560","754188450","110577070","1364276380"
"2021/11/05","330130820","531050","418956520","122993220","872611610"
"2021/11/04","648060610","0","506041430","120473230","1274575270"
"2021/11/03","689883120","0","518380350","172950600","1381214070"
"2021/11/02","1076145510","18144000","628566470","375395240","2098251220"
"2021/11/01","446909140","0","767846630","370467710","1585223480"
"2021/10/29","160580160","0","1637035980","209033910","2006650050"
"2021/10/28","385369040","0","496365500","97670490","979405030"
"2021/10/27","512457190","0","682077110","210522050","1405056350"
"2021/10/26","526287160","11860400","682705630","168747880","1389601070"
"2021/10/25","107624620","401100","689674110","211504560","1009204390"
"2021/10/22","251886230","83790000","868664100","123534210","1327874540"
"2021/10/21","620229730","417479990","939623520","220482370","2197815610"
"2021/10/20","1639599390","566000","1625861480","193815210","3459842080"
"2021/10/19","673808520","0","593646130","153580200","1421034850"
"2021/10/18","358963720","40947240","483820870","82633190","966365020"
"2021/10/15","646761740","556000","987349410","255712340","1890379490"
"2021/10/14","718039970","0","606123220","116527350","1440690540"
"2021/10/13","516658640","0","499046960","62436750","1078142350"
"2021/10/12","501517090","0","778315970","259361240","1539194300"
"2021/10/08","262486510","104761000","1695508600","225018010","2287774120"
"2021/10/07","518470300","11571000","1035762820","239755540","1805559660"
"2021/10/06","244096710","114921570","1672974190","206312010","2238304480"
"2021/10/05","566795810","547000","1301708820","449250280","2318301910"
"2021/10/01","456148400","3022880","1068943620","607497230","2135612130"
"2021/09/30","360994770","0","782193650","469017590","1612206010"
"2021/09/29","478599480","1103000","1891293580","192203520","2563199580"
"2021/09/28","453823120","0","1058340340","168935020","1681098480"
"2021/09/27","986184430","0","729751510","198968790","1914904730"
"2021/09/24","171252510","205910250","811222630","223699510","1412084900"
"2021/09/23","95815830","0","1094629350","440787520","1631232700"
"2021/09/17","386990590","0","642309630","513515670","1542815890"
"2021/09/16","667385440","9469000","783003200","195713600","1655571240"
"2021/09/15","169035160","557000","1084710870","243430700","1497733730"
"2021/09/14","72789840","0","698055290","370626880","1141472010"
"2021/09/13","389244480","742810","855588290","177016010","1422591590"
"2021/09/10","253427840","389900","1423055570","270059790","1946933100"
"2021/09/09","716701240","6127000","1307376380","388056880","2418261500"
"2021/09/08","711345330","45175680","2064636860","1022572200","3843730070"
"2021/09/07","538161110","230010","788509370","834776470","2161676960"
"2021/09/06","203971360","0","1040388020","395230730","1639590110"
"2021/09/03","592232250","0","1164674480","327842060","2084748790"
"2021/09/02","126784920","14557800","3370551110","4277657810","7789551640"
"2021/09/01","987519650","17130000","1271177380","475050790","2750877820"
"2021/08/31","388052730","12426400","2039192000","123353930","2563025060"
"2021/08/30","169958870","28907600","1356953660","185885370","1741705500"
"2021/08/27","661195180","14666070","1157945040","126357450","1960163740"
"2021/08/26","183288940","695500","1237466490","249686470","1671137400"
"2021/08/25","100777700","35146920","995877440","132120340","1263922400"
"2021/08/24","275463270","202013160","1025859990","269034340","1772370760"
"2021/08/23","858733970","168288130","1873089740","344981230","3245093070"
"2021/08/20","299233040","375842560","2801723360","475406810","3952205770"
"2021/08/19","303295300","242592890","2349609630","453722100","3349219920"
"2021/08/18","724075030","93247000","2811118680","130163350","3758604060"
"2021/08/17","360838940","16290660","3238259210","331614970","3947003780"
"2021/08/13","204877060","320477540","2538208230","292866360","3356429190"
"2021/08/12","48937730","0","1084232210","82278510","1215448450"
"2021/08/11","379889090","5900000","1944588560","99218680","2429596330"
"2021/08/10","271795220","5900000","1500623840","53309150","1831628210"
"2021/08/09","82798300","35460000","1110018260","143014850","1371291410"
"2021/08/06","521330650","35288030","921054750","239648060","1717321490"
"2021/08/05","459360000","23480000","1296274870","70451690","1849566560"
"2021/08/04","1208161780","35200000","1549087830","111691420","2904141030"
"2021/08/03","200006950","0","1099923760","41064540","1340995250"
"2021/08/02","288499030","0","667989690","190309160","1146797880"
"2021/07/30","527610890","27585310","1184684240","35628440","1775508880"
"2021/07/29","459965870","12295800","904849770","88119790","1465231230"
"2021/07/28","171202600","11860000","1102520070","267509990","1553092660"
"2021/07/27","279844140","20532950","1272803270","116330150","1689510510"
"2021/07/26","374071910","0","1078428220","97390610","1549890740"
"2021/07/23","182367320","17760000","985069780","251448540","1436645640"
"2021/07/22","1066859880","80171460","3023455960","641082170","4811569470"
"2021/07/21","149511490","13922680","1548674380","103934400","1816042950"
"2021/07/20","241976620","34289710","1866579910","131967130","2274813370"
"2021/07/19","258442570","35460000","1319466200","107223900","1720592670"
"2021/07/16","1581961030","45904340","1766705310","58306790","3452877470"
"2021/07/15","1393418610","117800","3463158590","305893030","5162588030"
"2021/07/14","792186960","11930000","992958950","168034440","1965110350"
"2021/07/13","356786430","5990000","963370150","55291650","1381438230"
"2021/07/12","404893770","226885840","1811043840","103542190","2546365640"
"2021/07/09","541170140","306456280","3872033030","144067590","4863727040"
"2021/07/08","724186710","95840000","2818641190","84714850","3723382750"
"2021/07/07","272233290","0","1712735030","94573000","2079541320"
"2021/07/06","213069780","18090000","1882471520","208570220","2322201520"
"2021/07/05","1104924110","0","1914690990","211750430","3231365530"
"2021/07/02","1417261560","3010000","2052903430","14362290","3487537280"
"2021/07/01","827278000","154029200","2122557550","26731780","3130596530"
"2021/06/30","1103215580","20395130","3306822170","183243790","4613676670"
"2021/06/29","599412380","89827760","3319352220","125874250","4134466610"
"2021/06/28","252345410","6080000","4288058750","232694620","4779178780"
"2021/06/25","422611350","3474000","2663616340","175823230","3265524920"
"2021/06/24","665914390","0","1755300550","15926950","2437141890"
"2021/06/23","598515910","0","2681373360","91158670","3371047940"
"2021/06/22","359480160","439582800","1777253950","188235540","2764552450"
"2021/06/21","963532390","171484300","2077917950","282821380","3495756020"
"2021/06/18","336041850","215629290","3732733300","187651050","4472055490"
"2021/06/17","802937590","7729440","2531929180","528602030","3871198240"
"2021/06/16","486451110","741600","1886522810","993799070","3367514590"
"2021/06/15","1178657310","73216340","5647250240","254566960","7153690850"
"2021/06/14","794592290","171294600","2686194150","391968760","4044049800"
"2021/06/11","967548690","83756180","4312263160","63790680","5427358710"
"2021/06/10","464791050","7600720","2433206030","713574960","3619172760"
"2021/06/09","995454210","248826650","4823622800","176963070","6244866730"
"2021/06/08","128205040","340190000","2692939150","576165890","3737500080"
"2021/06/07","787085590","3583000","3231953900","398461670","4421084160"
"2021/06/04","1221089080","0","5116140860","744915680","7082145620"
"2021/06/03","1925070700","161919600","9553567090","948779010","12589336400"
"2021/06/02","2417271930","263597330","7565122450","305336860","10551328570"
"2021/06/01","1615454660","509957980","4589492170","776597580","7491502390"
"2021/05/31","1246771720","75650220","4821281900","1736125370","7879829210"
"2021/05/28","630294060","269255000","6965308730","749355210","8614213000"
"2021/05/27","201479430","76954730","3575873510","450179580","4304487250"
"2021/05/26","82541680","34470110","1377586990","26249430","1520848210"
"2021/05/25","31268570","34419200","1402241760","98817710","1566747240"
"2021/05/24","200348970","5600000","1252942230","153173340","1612064540"
"2021/05/21","243875370","15206400","1463216740","105060190","1827358700"
"2021/05/20","307665420","30048440","939574480","73867740","1351156080"
"2021/05/18","179294870","20618000","1642403720","137750330","1980066920"
"2021/05/17","177645050","29085280","1450782610","116194840","1773707780"
"2021/05/14","739856890","20212660","1815229590","462841540","3038140680"
"2021/05/13","838952020","27940000","1837107060","493864420","3197863500"
"2021/05/12","1046288470","41220000","3379867270","509957140","4977332880"
"2021/05/11","419662840","3314850","1505168450","857769890","2785916030"
"2021/05/10","699709550","122408160","2436663400","330584380","3589365490"
"2021/05/07","670683220","344535590","1512368600","345803570","2873390980"
"2021/05/06","469729320","8650700","2916133660","105520830","3500034510"
"2021/05/04","271480520","1629000","2117056200","313319880","2703485600"
"2021/05/03","711072290","21640","2568086290","83838650","3363018870"
"2021/04/30","344595700","62321590","1900449860","30810640","2338177790"
"2021/04/29","437496430","62100000","1741163860","38215050","2278975340"
"2021/04/28","672975390","86430000","1924474310","294297300","2978177000"
"2021/04/27","495333700","39841200","2783223850","100780880","3419179630"
"2021/04/26","540128490","9180000","2262680570","36525600","2848514660"
"2021/04/23","292618220","10184400","1542643540","31208410","1876654570"
"2021/04/22","855048140","5912310","1466315470","224170130","2551446050"
"2021/04/21","251233380","118536130","2396490710","352977350","3119237570"
"2021/04/20","934476850","244317900","2611537050","80313980","3870645780"
"2021/04/19","1281085680","804000","1925308590","214327670","3421525940"
"2021/04/16","179415970","804000","1831937960","139260190","2151418120"
"2021/04/15","116893300","55084370","2136330710","253132820","2561441200"
"2021/04/14","58670470","0","1745982830","80731430","1885384730"
"2021/04/13","505925540","45541400","1641905930","195021560","2388394430"
"2021/04/12","243998340","4284150","1806457440","47153690","2101893620"
"2021/04/09","254563900","61300640","998292210","235066430","1549223180"
"2021/04/08","292260130","78799840","2642694690","796806510","3810561170"
"2021/04/07","172685510","62690000","1546878210","261139900","2043393620"
"2021/04/06","176093850","7015480","1491806150","320101660","1995017140"
"2021/04/05","685697410","261000","1287975570","238467070","2212401050"
"2021/04/02","556274860","25783920","1423930580","54764130","2060753490"
"2021/04/01","277094660","61366710","1930969990","339553940","2608985300"
"2021/03/31","220257010","13186510","1661688870","414771800","2309904190"
"2021/03/30","217030440","176511930","1953191550","642515210","2989249130"
"2021/03/29","1301796490","25852230","3541464530","464541600","5333654850"
"2021/03/26","642005090","19318510","6104943980","13640090","6779907670"
"2021/03/25","735536240","136350000","1182360120","214165860","2268412220"
"2021/03/24","2440728380","101647720","2347251600","419704020","5309331720"
"2021/03/23","331534670","2040000","824427370","230733930","1388735970"
"2021/03/22","196067320","28956290","876040540","407017980","1508082130"
"2021/03/19","455607340","74513790","1710995980","1429806700","3670923810"
"2021/03/18","350873920","27343400","1983625330","212033600","2573876250"
"2021/03/17","126758870","229710000","775437440","110976310","1242882620"
"2021/03/16","184076440","10668000","1082262480","128714900","1405721820"
"2021/03/15","594257760","508000","1215553985","46134510","1856454255"
"2021/03/12","537539390","28857130","483081330","221447150","1270925000"
"2021/03/11","608404520","0","378697615","219643595","1206745730"
"2021/03/10","62541445","14790000","588994550","280355995","946681990"
"2021/03/09","346025680","1960000","1202383565","282881730","1833250975"
"2021/03/08","553608760","498000","1681772385","227412670","2463291815"
"2021/03/05","266048450","188415050","1835880800","140285995","2430630295"
"2021/03/04","785315160","57510830","2016541600","284061045","3143428635"
"2021/03/03","1474494410","0","729274280","221886355","2425655045"
"2021/03/02","789033340","183855","952214525","385819960","2127251680"
"2021/02/26","278910690","0","1513562405","58901790","1851374885"
"2021/02/25","401902870","0","778185380","17487470","1197575720"
"2021/02/24","512056545","124194730","663063100","375315580","1674629955"
"2021/02/23","800627735","40606075","788355190","107960400","1737549400"
"2021/02/22","707206440","10896750","1475901880","128665360","2322670430"
"2021/02/19","853440090","347070","1780064190","456020120","3089871470"
"2021/02/18","4269102700","80952520","1993660190","201151330","6544866740"
"2021/02/17","2639664400","0","2513589060","40903660","5194157120"
"2021/02/16","691962050","152790670","835066890","52090330","1731909940"
"2021/02/15","970187700","762000","1552971230","119983130","2643904060"
"2021/02/10","895902860","0","724643840","323849250","1944395950"
"2021/02/09","490054820","0","1006877410","59050300","1555982530"
"2021/02/08","969313730","10419230","815126310","4080000","1798939270"
"2021/02/05","376314460","1016000","420950070","2560240","800840770"
"2021/02/04","996166360","30563000","711376600","40590690","1778696650"
"2021/02/03","1261479180","0","590757140","294270920","2146507240"
"2021/02/02","1401641930","0","936842690","5070","2338489690"
"2021/02/01","1211081570","247450","841924020","134614910","2187867950"
"2021/01/29","901613690","0","1391632320","105777250","2399023260"
"2021/01/28","333489170","25959000","1210650570","589689420","2159788160"
"2021/01/27","1142685140","0","707924120","463372280","2313981540"
"2021/01/26","2160850340","445741630","1346971990","1088636840","5042200800"
"2021/01/25","711187660","267282200","4658569550","122359680","5759399090"
"2021/01/22","274378390","0","1886798030","251383280","2412559700"
"2021/01/21","408781490","0","1613192310","20187970","2042161770"
"2021/01/20","393359060","21717500","1256279030","97682960","1769038550"
"2021/01/19","1039113640","513000","1287953480","1162153120","3489733240"
"2021/01/18","1249835280","1566000","1548167850","300561350","3100130480"
"2021/01/15","1215540150","0","1290442110","110535000","2616517260"
"2021/01/14","1454516450","80905410","1373837540","85129640","2994389040"
"2021/01/13","873431660","1001480","1494841320","68838430","2438112890"
"2021/01/12","688934720","54696000","1238381700","46223150","2028235570"
"2021/01/11","986500120","6513320","3175524850","651529220","4820067510"
"2021/01/08","592895520","2690000","2149087030","140956080","2885628630"
"2021/01/07","229374590","84894880","2225603890","460826190","3000699550"
"2021/01/06","2522218170","5510000","2936572030","1284493780","6748793980"
"2021/01/05","2802256850","387250090","4819491700","385138430","8394137070"
"2021/01/04","171084090","152674760","2939615890","139599330","3402974070"
"2020/12/30","699266240","90293000","2070935910","93163790","2953658940"
"2020/12/29","572220370","53152800","2406017500","153222720","3184613390"
"2020/12/28","511719040","42549160","2944066640","129221620","3627556460"
"2020/12/24","350299910","1141000","1282730190","163432930","1797604030"
"2020/12/23","357774410","539700","1699066970","99285610","2156666690"
"2020/12/22","219972130","0","1784033500","36848310","2040853940"
"2020/12/21","171896530","5710180","1720065680","61175150","1958847540"
"2020/12/18","271055980","380100","2377713880","459974490","3109124450"
"2020/12/17","458519310","38406500","2179059910","24661050","2700646770"
"2020/12/16","147904610","0","494732620","28098330","670735560"
"2020/12/15","246962810","97153000","680090440","167652500","1191858750"
"2020/12/14","119647290","0","1433626760","283968190","1837242240"
"2020/12/11","240602680","501700","1230142880","1083289220","2554536480"
"2020/12/10","727248070","867660","723159730","856269840","2307545300"
"2020/12/09","284658150","1337080","588965450","273647340","1148608020"
"2020/12/08","209127810","493870","501325670","142628740","853576090"
"2020/12/07","345491220","0","1689799200","33464000","2068754420"
"2020/12/04","620030850","0","1457657600","1990855470","4068543920"
"2020/12/03","496383310","0","644030610","2360819250","3501233170"
"2020/12/02","124517030","5350000","799600580","1036961370","1966428980"
"2020/12/01","322017460","76501050","399899800","558148470","1356566780"
"2020/11/30","494310690","0","819520080","916157010","2229987780"
"2020/11/27","195947760","0","1150099520","619378150","1965425430"
"2020/11/26","76828970","0","603780170","783557750","1464166890"
"2020/11/25","195843250","27700000","1342152690","53040040","1618735980"
"2020/11/24","757640750","22841760","1571306760","104866290","2456655560"
"2020/11/23","186743630","35308630","1545790650","395849430","2163692340"
"2020/11/20","150654440","43534400","916573650","75254070","1186016560"
"2020/11/19","790778680","77145700","1744485530","128611200","2741021110"
"2020/11/18","218865480","27252900","728032490","45954740","1020105610"
"2020/11/17","320368890","0","992221190","126887140","1439477220"
"2020/11/16","1341171950","0","1267783250","318388570","2927343770"
"2020/11/13","878127850","0","1360196750","38912860","2277237460"
"2020/11/12","72259810","0","553101680","24605460","649966950"
"2020/11/11","134327050","0","561526960","146225820","842079830"
"2020/11/10","274244970","2188000","1702294360","99116680","2077844010"
"2020/11/09","349285320","538000","683156660","122433400","1155413380"
"2020/11/06","459489910","0","341277340","197947650","998714900"
"2020/11/05","326278230","2135480","1023744840","124965270","1477123820"
"2020/11/04","168488390","0","416360360","58825070","643673820"
"2020/11/03","191551430","0","350939120","431083900","973574450"
"2020/11/02","139043540","0","675287260","741031430","1555362230"
"2020/10/30","212165570","4870590","800703790","83493690","1101233640"
"2020/10/29","197106370","2695000","591679910","585436240","1376917520"
"2020/10/28","173103870","0","1038671240","212493870","1424268980"
"2020/10/27","210083130","0","1296832910","213849330","1720765370"
"2020/10/26","709230880","5380000","1614484860","72998510","2402094250"
"2020/10/23","333569300","284820550","542638260","796339010","1957367120"
"2020/10/22","1079396480","199060","1963855200","337605810","3381056550"
"2020/10/21","335988640","52800000","907868340","179319020","1475976000"
"2020/10/20","74317840","0","434322700","399965840","908606380"
"2020/10/19","519291700","0","531429430","356279100","1407000230"
"2020/10/16","161523010","15765000","865716310","119679120","1162683440"
"2020/10/15","742376640","0","625204930","272040290","1639621860"
"2020/10/14","105871670","0","653226800","229458380","988556850"
"2020/10/13","122423470","10982880","934078690","153176110","1220661150"
"2020/10/12","202776480","20840000","665670040","103356340","992642860"
"2020/10/08","101453190","0","820312450","168115390","1089881030"
"2020/10/07","136359580","0","698749590","108090830","943200000"
"2020/10/06","38102200","62000760","346546810","61179650","507829420"
"2020/10/05","151749430","144532920","439157790","241560680","977000820"
"2020/09/29","76663740","0","581562380","157783430","816009550"
"2020/09/28","305878070","0","284858560","155376280","746112910"
"2020/09/25","389282660","0","569751120","14736500","973770280"
"2020/09/24","73601790","3858220","739710160","155160540","972330710"
"2020/09/23","53904770","153285220","378259220","98073300","683522510"
"2020/09/22","52594780","0","695773180","218950220","967318180"
"2020/09/21","10073480","515018940","590395220","51918320","1167405960"
"2020/09/18","437072010","101758270","385558670","139462750","1063851700"
"2020/09/17","312233310","627800","1353163260","88551840","1754576210"
"2020/09/16","162989140","154000000","583421340","37405240","937815720"
"2020/09/15","109119640","72017040","642534680","68759280","892430640"
"2020/09/14","62588680","0","592756780","110630330","765975790"
"2020/09/11","100299910","0","646112410","27406070","773818390"
"2020/09/10","273099040","5390310","626259660","62526500","967275510"
"2020/09/09","649908750","367125000","572326500","50807570","1640167820"
"2020/09/08","811490870","0","754647420","44464290","1610602580"
"2020/09/07","87513480","147643080","927108260","23059470","1185324290"
"2020/09/04","104739940","0","1016897260","62043770","1183680970"
"2020/09/03","472902420","0","703486590","126413350","1302802360"
"2020/09/02","93161510","18203870","494917640","22935080","629218100"
"2020/09/01","215027900","0","986406000","35750070","1237183970"
"2020/08/31","101662300","0","963683230","113678550","1179024080"
"2020/08/28","125979920","77231240","874740720","79562440","1157514320"
"2020/08/27","67200080","101400","879714160","94490940","1041506580"
"2020/08/26","198553450","55399150","1003039220","66723070","1323714890"
"2020/08/25","221170090","147594390","681302580","82560500","1132627560"
"2020/08/24","588521640","0","588642560","183877820","1361042020"
"2020/08/21","974813440","507000","534434580","191751300","1701506320"
"2020/08/20","925856190","9874600","1333467870","101628650","2370827310"
"2020/08/19","727526630","102099460","996614470","98132180","1924372740"
"2020/08/18","703636500","0","959217660","115592510","1778446670"
"2020/08/14","346400740","0","995046820","59604370","1401051930"
"2020/08/13","273607020","113249670","744701160","295368160","1426926010"
"2020/08/12","377944680","375615190","2230002970","149972660","3133535500"
"2020/08/11","205670910","153000000","1440190530","72620560","1871482000"
"2020/08/10","311108770","30600000","749995560","39419190","1131123520"
"2020/08/07","384134140","148054370","1385463930","64774540","1982426980"
"2020/08/06","435558540","0","762385200","11128660","1209072400"
"2020/08/05","488892400","357303590","1202624450","566794120","2615614560"
"2020/08/04","487622830","15480000","614486690","518482130","1636071650"
"2020/08/03","150837290","0","655896180","437583810","1244317280"
"2020/07/31","277127160","0","419737390","39326030","736190580"
"2020/07/30","366488530","0","272343750","226280930","865113210"
"2020/07/29","439339170","40890000","1072463520","74744810","1627437500"
"2020/07/28","719540560","0","954261800","25358500","1699160860"
"2020/07/27","244339860","4700160","1613271650","88478050","1950789720"
"2020/07/24","318393230","5962120","986565240","49347730","1360268320"
"2020/07/23","1014539830","2575260","1547972290","77085860","2642173240"
"2020/07/22","209714690","0","628715250","1020162300","1858592240"
"2020/07/21","205760610","0","930544420","909698040","2046003070"
"2020/07/20","545377150","0","496306440","107528960","1149212550"
"2020/07/17","1013327700","1566000","756447490","220756090","1992097280"
"2020/07/16","892672150","20710000","644339200","69758350","1627479700"
"2020/07/15","737622100","37660040","1136492630","194516800","2106291570"
"2020/07/14","76927400","10410000","663386530","84169390","834893320"
"2020/07/13","78962250","0","449369060","69618940","597950250"
"2020/07/10","306862430","59180000","714274790","50771400","1131088620"
"2020/07/09","580816140","453022230","1120780870","71845820","2226465060"
"2020/07/08","1470531700","303302460","946635150","34365610","2754834920"
"2020/07/07","621303190","97499840","1419164120","74893710","2212860860"
"2020/07/06","1111344840","272916100","1373993270","128620110","2886874320"
"2020/07/03","471095360","100248500","1077877900","584789520","2234011280"
"2020/07/02","314483130","211709500","915665580","26795210","1468653420"
"2020/07/01","142215410","0","907542780","85675460","1135433650"
"2020/06/30","150788080","11840400","971734050","455842370","1590204900"
"2020/06/29","78918670","798950","1655660820","218846210","1954224650"
"2020/06/26","223579170","60666420","2195778900","194011090","2674035580"
"2020/06/25","574043940","11140000","911027390","124704520","1620915850"
"2020/06/24","304059380","0","870334010","213395460","1387788850"
"2020/06/23","813305940","11160000","1522398380","240456060","2587320380"
"2020/06/22","1048082910","0","1558012620","377076180","2983171710"
"2020/06/19","1397151120","11720000","2835982920","10973121240","15217975280"
"2020/06/18","857267180","87300000","2268661060","186018160","3399246400"
"2020/06/17","886632160","86217140","2013631220","657884680","3644365200"
"2020/06/16","1686573280","170400","1728143320","144595520","3559482520"
"2020/06/15","1086410120","72280000","2152094620","450663840","3761448580"
"2020/06/12","554695420","0","2868809210","327392650","3750897280"
"2020/06/11","990751250","63339880","1392212100","117162730","2563465960"
"2020/06/10","1285914220","233279820","1598736710","135527030","3253457780"
"2020/06/09","1960954800","221614870","2112178850","82819920","4377568440"
"2020/06/08","817946210","171987440","1459705780","241754340","2691393770"
"2020/06/05","1519027360","23360000","1806767670","310816980","3659972010"
"2020/06/04","1178889860","507320880","2472232760","281914220","4440357720"
"2020/06/03","1337340170","111710220","3739377700","293923630","5482351720"
"2020/06/02","1600012630","32471790","1818507950","74166000","3525158370"
"2020/06/01","1162505330","3674660","2522500940","412893320","4101574250"
"2020/05/29","2244436540","43162380","4809113080","5938157420","13034869420"
"2020/05/28","705317140","8485260","3346065700","469642970","4529511070"
"2020/05/27","913457880","30777990","2755837800","330749240","4030822910"
"2020/05/26","1965821590","28600000","2979077880","526473110","5499972580"
"2020/05/25","1510382070","33197340","1849704080","475197140","3868480630"
"2020/05/22","3172713460","108053750","4436875460","619006680","8336649350"
"2020/05/21","1286209120","77040000","3850847310","122056620","5336153050"
"2020/05/20","236267840","0","1531674500","228297800","1996240140"
"2020/05/19","1058380550","80400000","3274492820","24128160","4437401530"
"2020/05/18","436902960","5220","805283820","101889850","1344081850"
"2020/05/15","595799700","1399700","921912320","28375010","1547486730"
"2020/05/14","440756440","25904800","1452988240","231914180","2151563660"
"2020/05/13","403946020","10500","1527662720","52556940","1984176180"
"2020/05/12","896826610","12909160","652218020","285265520","1847219310"
"2020/05/11","503568410","0","1461320180","46642180","2011530770"
"2020/05/08","918960910","1038000","508163800","6158520","1434321230"
"2020/05/07","904270360","0","878474300","155924050","1938668710"
"2020/05/06","306708720","89552730","778544060","94356100","1269161610"
"2020/05/04","4021125350","33005000","747255460","127054360","4928440170"
"2020/04/29","1071113520","49062960","1599951690","204224950","2924353120"
"2020/04/28","1311113940","221631920","3866569040","134767610","5534082510"
"2020/04/27","711623190","0","892075450","18483790","1622182430"
"2020/04/24","1994417960","20269200","1028945400","206509820","3250142380"
"2020/04/23","1037228520","173499920","2431234700","539427980","4181391120"
"2020/04/22","3169508740","370620400","3361359670","302038720","7203527530"
"2020/04/21","512862340","190125420","1192977300","389710810","2285675870"
"2020/04/20","673380370","110074620","1424971580","426258170","2634684740"
"2020/04/17","1106305350","16472680","2529886490","132323250","3784987770"
"2020/04/16","808252330","33289600","902454760","132043660","1876040350"
"2020/04/14","470107020","0","1172361775","284685045","1927153840"
"2020/04/13","86482270","5010000","1218700385","174018035","1484210690"
"2020/04/10","692912995","0","2253196190","183230555","3129339740"
"2020/04/09","681253915","0","1046407840","17542690","1745204445"
"2020/04/08","826112135","0","852455915","10922725","1689490775"
"2020/04/07","1978304080","49650","1079185245","102430005","3159968980"
"2020/04/06","479039455","24725000","969428340","34220970","1507413765"
"2020/04/03","539433155","0","503488805","36398665","1079320625"
"2020/04/02","441173055","0","507865870","221667155","1170706080"
"2020/04/01","681234020","0","999039605","315038795","1995312420"
"2020/03/31","890638250","0","974192650","24396000","1889226900"
"2020/03/30","447797000","0","1718078155","151887435","2317762590"
"2020/03/27","424005365","1308700","2235389990","110356800","2771060855"
"2020/03/26","1189774570","12075000","1767486570","235004730","3204340870"
"2020/03/25","1103884525","25770100","1924921825","116167550","3170744000"
"2020/03/24","1350684490","7229500","1562829030","46981885","2967724905"
"2020/03/23","1632546545","0","2379937755","216482755","4228967055"
"2020/03/20","2521465425","10427120","1454992095","563668780","4550553420"
"2020/03/19","948416790","146527700","3391237755","1525865955","6012048200"
"2020/03/18","435755065","52012340","1217528680","312106315","2017402400"
"2020/03/17","379381530","6465200","2151402015","808401225","3345649970"
"2020/03/16","1478398840","0","2039787940","1152887905","4671074685"
"2020/03/13","2715885955","9820650","4950713370","1374892270","9051312245"
"2020/03/12","1349075430","19092000","2191772790","488723810","4048664030"
"2020/03/11","92932040","0","1130275260","981413680","2204620980"
"2020/03/10","200914700","1021840","1130385580","918521950","2250844070"
"2020/03/09","527831630","12214740","1997215100","211972040","2749233510"
"2020/03/06","441290540","9412620","1225310090","69550520","1745563770"
"2020/03/05","1213463800","217865000","1731713640","1038718930","4201761370"
"2020/03/04","1505730790","0","2436262380","137676210","4079669380"
"2020/03/03","678748550","26150000","837064370","319391100","1861354020"
"2020/03/02","1021857540","7446300","1228394070","15516230","2273214140"
"2020/02/28","2595672710","153700","2642844680","1877938310","7116609400"
"2020/02/27","475392300","1102100","1458932440","874653620","2810080460"
"2020/02/26","700114660","25839620","1063514170","743913820","2533382270"
"2020/02/25","1582141570","113536570","1374621810","777618950","3847918900"
"2020/02/24","2806432500","409471510","3295469820","1979404640","8490778470"
"2020/02/21","2712768600","0","1027422800","131926580","3872117980"
"2020/02/20","655906810","31024500","791877050","431283160","1910091520"
"2020/02/19","745321920","65328360","1247706010","50377780","2108734070"
"2020/02/18","1025304010","1517880","1215382530","194712120","2436916540"
"2020/02/17","2717861990","141944500","1449603590","141681990","4451092070"
"2020/02/14","4150364350","252254210","3315033540","241789840","7959441940"
"2020/02/13","1003406390","0","800832430","22932640","1827171460"
"2020/02/12","1773911380","17132100","1159188030","82101160","3032332670"
"2020/02/11","824385770","157475980","1441497800","52014090","2475373640"
"2020/02/10","359909950","0","748536900","31520410","1139967260"
"2020/02/07","1248405910","70468780","605432990","87039770","2011347450"
"2020/02/06","472686000","114271920","1202158820","317095980","2106212720"
"2020/02/05","116920630","195930000","1585441720","28464490","1926756840"
"2020/02/04","1162295830","37016650","1117377070","224228880","2540918430"
"2020/02/03","1210341920","298703880","2848802960","764136470","5121985230"
"2020/01/31","1405575760","219205430","2551816090","456937510","4633534790"
"2020/01/30","4790380570","399658630","1923745440","908431460","8022216100"
"2020/01/29","726006540","38990000","1727070730","123229600","2615296870"
"2020/01/28","2045506820","61749940","4597576530","933135950","7637969240"
"2020/01/23","1660187570","113636090","3077131480","804343360","5655298500"
"2020/01/22","522417520","125680","1436678760","189849600","2149071560"
"2020/01/21","847458740","0","1274617810","532870410","2654946960"
"2020/01/20","471597900","13038160","1764099180","79453450","2328188690"
"2020/01/17","1064746950","5735000","1580003920","640883520","3291369390"
"2020/01/16","848233240","39695010","1580809880","245060620","2713798750"
"2020/01/15","1866938440","8292640","2875442930","622394140","5373068150"
"2020/01/14","4608467730","84126830","6508397230","1799598680","13000590470"
"2020/01/13","2125515780","488800000","5536830030","626539160","8777684970"
"2020/01/10","1563782410","589822490","1908125140","117096340","4178826380"
"2020/01/09","700529420","225977460","1488905510","36002010","2451414400"
"2020/01/08","831040160","400011580","4768022220","686064800","6685138760"
"2020/01/07","1881814710","16332160","2442066420","633139190","4973352480"
"2020/01/06","2027771070","60500","3499341550","534917610","6062090730"
"2020/01/03","408183940","10237290","2393580660","524745600","3336747490"
"2020/01/02","1979736300","44384000","1946689580","38814640","4009624520"
"2019/12/30","659813090","150770960","2085423680","18684930","2914692660"
"2019/12/27","1687620660","125176240","3635558890","91230290","5539586080"
"2019/12/26","1011583300","49565030","4290033280","71825960","5423007570"
"2019/12/24","1124649980","80273000","1765271070","68852770","3039046820"
"2019/12/23","751489080","29382720","1516587630","180799320","2478258750"
"2019/12/20","279755400","0","2228876590","435376340","2944008330"
"2019/12/19","1047103310","560332240","3123702440","481731410","5212869400"
"2019/12/18","756214360","42377300","2304563680","176162440","3279317780"
"2019/12/17","622574680","0","2344212460","211075080","3177862220"
"2019/12/16","3536588310","391114270","4732267330","139331360","8799301270"
"2019/12/13","5337335160","1079777010","2428319070","368912270","9214343510"
"2019/12/12","1230884990","2184990600","1562517840","133072410","5111465840"
"2019/12/11","3251429230","0","2061111400","59171220","5371711850"
"2019/12/10","1431333510","0","3366434050","141464190","4939231750"
"2019/12/09","1999423120","152027110","2627801830","21545260","4800797320"
"2019/12/06","2420727390","25383000","3428011370","98242660","5972364420"
"2019/12/05","633486610","401927770","4631791330","445536820","6112742530"
"2019/12/04","589251890","75624880","3624808480","805145900","5094831150"
"2019/12/03","2360202170","157904410","4163379280","3598024800","10279510660"
"2019/12/02","8242553860","944808260","6691052410","3414358610","19292773140"
"2019/11/29","254490200","19500000","3565342800","265710","3839598710"
"2019/11/28","666842450","0","2085003650","45847980","2797694080"
"2019/11/27","254946320","55021520","4048480950","225492350","4583941140"
"2019/11/26","68552450","97050000","3322418280","38739170","3526759900"
"2019/11/25","462131960","51663360","2818975450","54347920","3387118690"
"2019/11/22","257831010","229079480","4371083070","195133650","5053127210"
"2019/11/21","92437610","10397130","3702667230","134525730","3940027700"
"2019/11/20","153245690","119684270","3262457210","247011880","3782399050"
"2019/11/19","1130502310","253920000","5934417520","301324270","7620164100"
"2019/11/18","282799450","97050000","5490845180","1315758100","7186452730"
"2019/11/15","1176490550","264606560","6606245270","97393510","8144735890"
"2019/11/14","258854480","279982470","5825330320","102668900","6466836170"
"2019/11/13","1369662310","453449130","5254870770","284342850","7362325060"
"2019/11/12","620227690","84332040","7555765640","215473760","8475799130"
"2019/11/11","244298100","92744000","6672106370","383227780","7392376250"
"2019/11/08","2063387430","248813700","16468411380","363431620","19144044130"
"2019/11/07","135907420","139996000","12986264870","847734550","14109902840"
"2019/11/06","219198390","0","13297310120","6149803360","19666311870"
"2019/11/05","1996157680","2461860370","44365258650","3235313700","52058590400"
"2019/11/04","521082380","323004680","28845356840","3032329080","32721772980"
"2019/11/01","2141670640","320855340","35572659180","4514393600","42549578760"
"2019/10/31","20369883520","2001370170","211775759140","25954221340","260101234170"
"2019/10/30","39719059710","8525244010","184478669640","54107718210","286830691570"