일자,기관 합계,기타법인,개인,외국인 합계,전체
"2023/05/04","22472915","21522290","81537580","4010475","129543260"
"2023/05/03","22588440","13877060","30662885","1487240","68615625"
"2023/05/02","7801365","1455450","25567250","1375460","36199525"
"2023/04/28","66476850","2488980","24108615","6646010","99720455"
"2023/04/27","13740085","0","40806875","6194545","60741505"
"2023/04/26","42207430","1273765","44020540","22393635","109895370"
"2023/04/25","8829655","0","8117405","15235250","32182310"
"2023/04/24","23901560","92192395","63816210","75942210","255852375"
"2023/04/21","17609500","0","71165110","16334980","105109590"
"2023/04/20","21710645","37173805","44987575","32560715","136432740"
"2023/04/19","19452360","11303615","70460855","20528290","121745120"
"2023/04/18","16715135","69425275","189743305","46121015","322004730"
"2023/04/17","6421165","4685","97182420","6086270","109694540"
"2023/04/14","34614605","0","121233870","55680","155904155"
"2023/04/13","19221310","0","19078065","8547760","46847135"
"2023/04/12","11101935","4605","105659195","7406810","124172545"
"2023/04/11","37053215","0","47218910","26473985","110746110"
"2023/04/10","65998735","4615","56233275","14233975","136470600"
"2023/04/07","14463325","0","61771615","15783235","92018175"
"2023/04/06","22451945","0","53122785","26387650","101962380"
"2023/04/05","18966335","4680","277873920","21603360","318448295"
"2023/04/04","5970015","9255","37241415","5684765","48905450"
"2023/04/03","16010515","470350","90869105","21295355","128645325"
"2023/03/31","4219865","4500","47696905","47901235","99822505"
"2023/03/30","23957180","0","25645715","11119410","60722305"
"2023/03/29","947840","4465","80720265","13888005","95560575"
"2023/03/28","5406630","0","75773620","37884295","119064545"
"2023/03/27","57393625","6732875","99140020","91761590","255028110"
"2023/03/24","51418500","0","22161415","10288110","83868025"
"2023/03/23","45804930","0","103234020","5197920","154236870"
"2023/03/22","40545825","0","26907630","3791910","71245365"
"2023/03/21","22872205","4570","16065070","22658770","61600615"
"2023/03/20","241327820","9060","100622950","4422525","346382355"
"2023/03/17","9765050","13925","56312290","69623190","135714455"
"2023/03/16","29717465","4635","52966855","5934620","88623575"
"2023/03/15","9873365","4625","22442435","10880750","43201175"
"2023/03/14","97023560","0","42595190","23808365","163427115"
"2023/03/13","49090765","0","21517820","14867175","85475760"
"2023/03/10","15821780","0","13982410","8680925","38485115"
"2023/03/09","11802850","0","15221055","2995265","30019170"
"2023/03/08","16867320","0","40827070","12061515","69755905"
"2023/03/07","88818800","38057335","9470710","128315","136475160"
"2023/03/06","20545245","54740325","67397015","36172245","178854830"
"2023/03/03","79411925","9515","21595780","5246010","106263230"
"2023/03/02","184551325","4770","79171815","10460270","274188180"
"2023/02/28","8709925","0","15233155","6221935","30165015"
"2023/02/27","35685645","0","82757300","16228775","134671720"
"2023/02/24","24925320","44995795","248362255","25237470","343520840"
"2023/02/23","25732590","0","132209060","32453730","190395380"
"2023/02/22","12812710","15030000","59486550","1673390","89002650"
"2023/02/21","28941020","2828330","74691080","18547280","125007710"
"2023/02/20","57799890","15070070","19443670","1031150","93344780"
"2023/02/17","128351040","22580000","47076300","311250","198318590"
"2023/02/16","27815030","0","39256290","599780","67671100"
"2023/02/15","31986790","0","122653740","3521660","158162190"
"2023/02/14","57305280","972310","84020390","2364420","144662400"
"2023/02/13","25754020","11088000","119361665","3529050","159732735"
"2023/02/10","5120620","9036100","32280560","8071980","54509260"
"2023/02/09","74357770","0","59056300","10396240","143810310"
"2023/02/08","20097460","0","85746080","105840","105949380"
"2023/02/07","19731180","2424000","63879060","237790","86272030"
"2023/02/06","37735370","0","26902210","1746900","66384480"
"2023/02/03","117946030","65580","144061870","50340","262123820"
"2023/02/02","64746380","25060","30729830","456990","95958260"
"2023/02/01","66964850",,"51538840","13562210","132065900"
"2023/01/31","11218360","0","146808085","29557960","187584405"
"2023/01/30","24884200","26507000","140128845","5238770","196758815"
"2023/01/27","79033290","20240","84350370","6107880","169511780"
"2023/01/26","53001170","8907590","55046520","7336980","124292260"
"2023/01/25","110559780","14472500","67077810","16795310","208905400"
"2023/01/20","70849150","9675020","158190330","7015280","245729780"
"2023/01/19","33413280","15150000","25550430","24596420","98710130"
"2023/01/18","132497200","16767160","148159115","9021530","306445005"
"2023/01/17","142330600","27770640","33815100","8037270","211953610"
"2023/01/16","306869840","23742500","200031260","4106835","534750435"
"2023/01/13","24707965","30564990","169578710","6124755","230976420"
"2023/01/12","75096880","19982490","140384135","29493300","264956805"
"2023/01/11","57999870","7963000","49065860","3017160","118045890"
"2023/01/10","53171095","9920","68842775","9710400","131734190"
"2023/01/09","71468320","14825","69007315","16806005","157296465"
"2023/01/06","39859830","5039130","108248770","15628520","168776250"
"2023/01/05","78989570","620730","193631855","23887780","297129935"
"2023/01/04","47586745","4379700","59196435","5209235","116372115"
"2023/01/03","18486315","4830","76775405","17875045","113141595"
"2023/01/02","18112115","331745","113049870","8507275","140001005"
"2022/12/29","2914240","4790","81515465","13917535","98352030"
"2022/12/28","16046400","0","115522850","9359690","140928940"
"2022/12/27","2657995","1906935","46159510","1959555","52683995"
"2022/12/26","24854465","4744755","30233955","465030","60298205"
"2022/12/23","20193125","612950","114580795","1601075","136987945"
"2022/12/22","50838445","32625","37634510","51465","88557045"
"2022/12/21","4372435","9320","93671090","116380","98169225"
"2022/12/20","32975745","3230590","107143855","10513910","153864100"
"2022/12/19","3062705","435240","93042670","5154045","101694660"
"2022/12/16","26698710",,"140044245","3653635","170396590"
"2022/12/15","8502660","4535","20775100","2285640","31567935"
"2022/12/14","18367200","24711220","17901755","2149270","63129445"
"2022/12/13","42261990","0","50544955","285330","93092275"
"2022/12/12","16814970","9140","48545675","14369290","79739075"
"2022/12/09","47224735","0","40790550","2645210","90660495"
"2022/12/08","16168910","3468240","61359465","7548055","88544670"
"2022/12/07","14194515","8697090","74420210","4760655","102072470"
"2022/12/06","99019860","10306500","83963235","1450135","194739730"
"2022/12/05","34591770","3063335","15876465","9818050","63349620"
"2022/12/02","52331085","4650","103891275","2224345","158451355"
"2022/12/01","42041225","5916925","12155750","25136315","85250215"
"2022/11/30","15659025","9155000","35895470","146500","60855995"
"2022/11/29","40136045","10183450","20763795","1260080","72343370"
"2022/11/28","2997425","7550775","75294420","23203075","109045695"
"2022/11/25","43661295","4500","57631950","3280130","104577875"
"2022/11/24","18409785","9000","49276600","3470330","71165715"
"2022/11/23","24814190","0","16624445","1030850","42469485"
"2022/11/22","200392530","0","52587060","50269345","303248935"
"2022/11/21","15809375","9100","34977870","9012080","59808425"
"2022/11/18","14373265","0","50341455","2773520","67488240"
"2022/11/17","28135855","4585","33881930","20614310","82636680"
"2022/11/16","16799485","9190","46239735","29646005","92694415"
"2022/11/15","12136415","0","35155490","7734410","55026315"
"2022/11/14","17939255","9070","18139520","1651930","37739775"
"2022/11/11","192557510",,"126709800","3697035","322964345"
"2022/11/10","17516790","0","30666925","9583120","57766835"
"2022/11/09","24620195",,"15178325","21452980","61251500"
"2022/11/08","96163085","4380","6088670","54776405","157032540"
"2022/11/07","14854770","5381250","38731575","21416455","80384050"
"2022/11/04","26506310","60440","36929415","27136295","90632460"
"2022/11/03","26703815","10225110","24350460","18844185","80123570"
"2022/11/02","15238685","4410","40729520","13022265","68994880"
"2022/11/01","21132265",,"32945295","21909820","75987380"
"2022/10/31","30544255","0","35062470","35473700","101080425"
"2022/10/28","109477410","4353745","74666030","13359335","201856520"
"2022/10/27","166262355","4290000","27704350","43924720","242181425"
"2022/10/26","298719940","20821395","60004715","24076860","403622910"
"2022/10/25","58773415","8230","24439030","9259540","92480215"
"2022/10/24","83897815","454165","136777565","13857245","234986790"
"2022/10/21","60606680","255395","72081490","37583850","170527415"
"2022/10/20","57006890","4726085","64317125","50932860","176982960"
"2022/10/19","123019765","0","31502710","71446350","225968825"
"2022/10/18","70984065","15900","85408710","28395780","184804455"
"2022/10/17","94062850","43452270","41363500","35665315","214543935"
"2022/10/14","100003300","0","69355885","9278985","178638170"
"2022/10/13","93338065","0","70350255","62294520","225982840"
"2022/10/12","54924105","1836610","104029745","16935780","177726240"
"2022/10/11","203526135","41400000","119844870","46938595","411709600"
"2022/10/07","134091445","8355","52363415","28190100","214653315"
"2022/10/06","279026595","95551125","98654770","10075555","483308045"
"2022/10/05","227101940","342000","55890880","26349415","309684235"
"2022/10/04","97040965","23908035","66554390","5635290","193138680"
"2022/09/30","102176265","43476955","17715830","19623530","182992580"
"2022/09/29","56711150","8855","40314980","37330295","134365280"
"2022/09/28","121465740","4430000","92129765","23589975","241615480"
"2022/09/27","94016350","9030","144777325","26443740","265246445"
"2022/09/26","34768115","9250","66084825","38318735","139180925"
"2022/09/23","16161975","4720","74767430","18493630","109427755"
"2022/09/22","149352530","9590","41797105","9236640","200395865"
"2022/09/21","63901480","4850","35864160","12171040","111941530"
"2022/09/20","38016315","0","24436585","3031755","65484655"
"2022/09/19","43020910","31567880","7974410","12960680","95523880"
"2022/09/16","44486820","504560","24553530","18918030","88462940"
"2022/09/15","104537485","51323075","14039315","4346270","174246145"
"2022/09/14","27513280","920640","13190325","17532530","59156775"
"2022/09/13","62851690","59336570","16776540","4154405","143119205"
"2022/09/08","72543940","26105960","33664370","13288805","145603075"
"2022/09/07","61221990","1437000","31170065","24615655","118444710"
"2022/09/06","63185950","19076005","35013050","0","117275005"
"2022/09/05","27526335","4805","32718820","7288705","67538665"
"2022/09/02","18443535","3244650","36917890","26192960","84799035"
"2022/09/01","66370940","0","28769345","48429205","143569490"
"2022/08/31","61820780",,"34618670","19818260","116257710"
"2022/08/30","140446235","4940","142583180","59434645","342469000"
"2022/08/29","303281145","0","175354540","60375860","539011545"
"2022/08/26","274887260","0","48744880","2808360","326440500"
"2022/08/25","133044660","0","32708760","6542620","172296040"
"2022/08/24","134523480","50700","71168550","4293540","210036270"
"2022/08/23","274835520","203000","115307700","48549930","438896150"
"2022/08/22","10635050","179900","63878410","85598580","160291940"
"2022/08/19","171952720","5150","32204500","15887760","220050130"
"2022/08/18","107109200","0","56176550","8483560","171769310"
"2022/08/17","358966190","5070","18181800","22802060","399955120"
"2022/08/16","305926600","958340","59892780","4456320","371234040"
"2022/08/12","235977900","0","111071910","28501100","375550910"
"2022/08/11","231130520","0","22841940","1608730","255581190"
"2022/08/10","85254880","0","57329440","31873960","174458280"
"2022/08/09","59067180","0","5989550","7421980","72478710"
"2022/08/08","128538220","0","106302170","15826910","250667300"
"2022/08/05","331823910","0","18831020","20227200","370882130"
"2022/08/04","52670710","0","21388540","15770940","89830190"
"2022/08/03","505121110","0","112663230","25076510","642860850"
"2022/08/02","59389630","0","26737900","20783840","106911370"
"2022/08/01","81634810","364300","147968220","32077670","262045000"
"2022/07/29","89024525","554900","137022265","16285070","242886760"
"2022/07/28","166908440","0","123951930","25675675","316536045"
"2022/07/27","157200980","475500","70233600","15571345","243481425"
"2022/07/26","167803735","31367190","94693385","27113815","320978125"
"2022/07/25","110621975","2402500","65847765","4536850","183409090"
"2022/07/22","202160955","0","31696205","18024485","251881645"
"2022/07/21","161849095","0","71846780","34304450","268000325"
"2022/07/20","340389875","8871730","80768075","36741710","466771390"
"2022/07/19","202282685","23842965","66677690","40711065","333514405"
"2022/07/18","146101440","0","17259840","9097665","172458945"
"2022/07/15","58151835","1908000","51225305","86164245","197449385"
"2022/07/14","57791075","0","64652735","33049675","155493485"
"2022/07/13","156315680","837010","161834230","45847355","364834275"
"2022/07/12","531417210","1964000","235924455","46907805","816213470"
"2022/07/11","147134390","2927000","69694670","49429400","269185460"
"2022/07/08","118652310","1028000","35728910","32039730","187448950"
"2022/07/07","58284810","0","4086330","4881660","67252800"
"2022/07/06","62307880","0","66149150","46428440","174885470"
"2022/07/05","63045920","0","56987620","7191480","127225020"
"2022/07/04","135588365","0","110142225","17939015","263669605"
"2022/07/01","48631120","57090","56298420","31341280","136327910"
"2022/06/30","20359550","63170","25405130","33065410","78893260"
"2022/06/29","19519030","95382280","28505350","77972150","221378810"
"2022/06/28","28351360","107632240","96100880","35096700","267181180"
"2022/06/27","110272190","10800000","39205680","66314170","226592040"
"2022/06/24","261415220","0","43897960","54389310","359702490"
"2022/06/23","128013950","0","167624480","67559740","363198170"
"2022/06/22","240992480","0","103191770","76883860","421068110"
"2022/06/21","283180310","5620000","151918050","63312950","504031310"
"2022/06/20","214764250","762000","815239980","145945590","1176711820"
"2022/06/17","8630090","0","59494340","40012470","108136900"
"2022/06/16","106450540","0","140404770","17606240","264461550"
"2022/06/15","92455220","0","50353730","34698580","177507530"
"2022/06/14","120357420","0","141628140","33100320","295085880"
"2022/06/13","59039710","0","117453240","24999950","201492900"
"2022/06/10","14109930","12000000","7265450","9111170","42486550"
"2022/06/09","61709950","58762550","103657040","11676140","235805680"
"2022/06/08","1826730","0","38743770","22001250","62571750"
"2022/06/07","17936130","3067240","43078600","7736080","71818050"
"2022/06/03","43154680","12170000","117207310","28192010","200724000"
"2022/06/02","9680680","445300","94779020","13420850","118325850"
"2022/05/31","7425100",,"47884340","168514400","223823840"
"2022/05/30","15601840","12239760","80453890","23765100","132060590"
"2022/05/27","9719310","43097520","13854310","5860100","72531240"
"2022/05/26","6510890","52877620","67630090","12478030","139496630"
"2022/05/25","29360900","59500000","79462430","9275020","177598350"
"2022/05/24","9084470","18275390","68587580","27464450","123411890"
"2022/05/23","11167090","14745890","94108900","82274270","202296150"
"2022/05/20","84901880","12722870","20748000","37155520","155528270"
"2022/05/19","124973520","24681900","66302380","30098570","246056370"
"2022/05/18","300317200","19559890","56366590","41764110","418007790"
"2022/05/17","178690720","53003220","89589900","37508550","358792390"
"2022/05/16","10746800","13197100","45776690","28817130","98537720"
"2022/05/13","203979060","62032090","119718420","45700490","431430060"
"2022/05/12","17050160","79227480","111217890","31756050","239251580"
"2022/05/11","39010630","5910","141237300","83652480","263906320"
"2022/05/10","74570210","17804650","137267570","78139680","307782110"
"2022/05/09","34161070","0","139789090","9982650","183932810"
"2022/05/06","82508990","2427810","154960410","43377760","283274970"
"2022/05/04","3649990","558440","151310450","50476900","205995780"
"2022/05/03","144450470","10224250","223536250","30723180","408934150"
"2022/05/02","131300630","39530000","195090500","14886700","380807830"
"2022/04/29","147431810","24890000","204303110","19100290","395725210"
"2022/04/28","71718470","4987650","128682730","91575820","296964670"
"2022/04/27","132067570","18570000","275416780","50375860","476430210"
"2022/04/26","62102220","0","130383070","53006400","245491690"
"2022/04/25","667653870","0","19333380","15846800","702834050"
"2022/04/22","112521720","0","89214010","23051810","224787540"
"2022/04/21","102218650","12220000","137039970","1759240","253237860"
"2022/04/20","146499710","702960","99978560","9160700","256341930"
"2022/04/19","210154200","0","229155130","47135550","486444880"
"2022/04/18","127157170","0","576190080","75368160","778715410"
"2022/04/15","55420110","0","200416310","1645150","257481570"
"2022/04/14","16003590","30960640","357754210","6631620","411350060"
"2022/04/13","93836250","0","305101850","11495970","410434070"
"2022/04/12","35750390","24442640","334672760","10304330","405170120"
"2022/04/11","33553810","17187760","150597910","99959440","301298920"
"2022/04/08","47075690","0","555762690","8779270","611617650"
"2022/04/07","31197730","118200000","363522730","3183840","516104300"
"2022/04/06","53046380","0","210374580","9699400","273120360"
"2022/04/05","2902670","116328820","172987760","20633190","312852440"
"2022/04/04","24950450","0","165610650","15718400","206279500"
"2022/04/01","59752670","12936000","53738920","4095780","130523370"
"2022/03/31","8822450","58800000","111181740","9921070","188725260"
"2022/03/30","61223590","0","75539130","7024950","143787670"
"2022/03/29","9836820","36798560","187720630","19237290","253593300"
"2022/03/28","66903450","57430560","81810580","10519000","216663590"
"2022/03/25","56383110","5880000","146162810","3390800","211816720"
"2022/03/24","113182830","0","17010170","6530800","136723800"
"2022/03/23","39283500","0","198328580","4334410","241946490"
"2022/03/22","59609770","2955000","295934570","587030","359086370"
"2022/03/21","76860","5925000","93463990","59300","99525150"
"2022/03/18","36753300","0","159325800","5843070","201922170"
"2022/03/17","1323980","0","161398100","23901180","186623260"
"2022/03/16","82670910","10483050","422479810","28877150","544510920"
"2022/03/15","88794360","10664000","213652480","26183470","339294310"
"2022/03/14","164587770","11740","256945730","17182170","438727410"
"2022/03/11","61526610","16360020","160583440","5959410","244429480"
"2022/03/10","69117230","17410000","153202970","2911600","242641800"
"2022/03/08","92386950","5800000","112885110","32314210","243386270"
"2022/03/07","60041100","24966730","63822920","9267760","158098510"
"2022/03/04","94985470","5793280","109981880","13279770","224040400"
"2022/03/03","152223610","0","103578920","30237520","286040050"
"2022/03/02","30760660","0","171575390","64188630","266524680"
"2022/02/28","4856960","0","68654800","22958470","96470230"
"2022/02/25","196522570","24495450","471489750","65686430","758194200"
"2022/02/24","94898630","6844500","456406040","128380770","686529940"
"2022/02/23","84789460","46933740","527535670","54627290","713886160"
"2022/02/22","112859610","0","692434650","80569870","885864130"
"2022/02/21","24555390","0","273910700","119656490","418122580"
"2022/02/18","15518040","0","66967260","32304490","114789790"
"2022/02/17","152852910","52940000","366370270","18561420","590724600"
"2022/02/16","44020880","29280000","306207330","1530080","381038290"
"2022/02/15","31030370","26293300","204044890","58459920","319828480"
"2022/02/14","17796680","40860000","237268240","97365610","393290530"
"2022/02/11","125810620","50142760","109116210","83990810","369060400"
"2022/02/10","18186000","910510","207288210","38617410","265002130"
"2022/02/09","114367010","41880570","235974890","51092550","443315020"
"2022/02/08","92294730","170170730","249887340","81537260","593890060"
"2022/02/07","123539420","179662530","635018230","38637120","976857300"
"2022/02/04","26153780","113663300","470934350","26020640","636772070"
"2022/02/03","45796110","157127640","259340780","107431400","569695930"
"2022/01/28","69991590","12903520","162553440","38089220","283537770"
"2022/01/27","81318460","0","144694180","29155210","255167850"
"2022/01/26","83286750","0","312313210","5787410","401387370"
"2022/01/25","196168120","2820610","143704160","46856500","389549390"
"2022/01/24","193250400","0","123052970","15902170","332205540"
"2022/01/21","73176150","8547800","75515840","2663090","159902880"
"2022/01/20","74070650","6195800","141989190","17190410","239446050"
"2022/01/19","35490230","0","45949180","9775060","91214470"
"2022/01/18","3672530","124727870","93689020","7237550","229326970"
"2022/01/17","26876570","113853910","74933320","25957290","241621090"
"2022/01/14","31998400","0","83253560","9225930","124477890"
"2022/01/13","53133930","0","297849340","13804350","364787620"
"2022/01/12","136510300","0","179920960","19322360","335753620"
"2022/01/11","185512820","0","175262890","0","360775710"
"2022/01/10","263460240","0","111789890","10654840","385904970"
"2022/01/07","344025110","1610000","61414360","32393610","439443080"
"2022/01/06","183423430","0","70011410","13415890","266850730"
"2022/01/05","154865100","11580","106168690","9759120","270804490"
"2022/01/04","478479230","0","354369060","24384520","857232810"
"2022/01/03","111275740","23370","110429610","22859220","244587940"
"2021/12/30","32932610","23420","124722650","8742830","166421510"
"2021/12/29","23102450","175850","113042270","6973210","143293780"
"2021/12/28","39388630","8940010","110388020","12739550","171456210"
"2021/12/27","129604880","23240","151127750","18951310","299707180"
"2021/12/24","43740590","0","127990840","4877560","176608990"
"2021/12/23","7742810","5830","110674900","4683680","123107220"
"2021/12/22","19128980","596370","33684460","6428340","59838150"
"2021/12/21","5203240","0","50448490","12319660","67971390"
"2021/12/20","7782460","80920","108478420","15890680","132232480"
"2021/12/17","3216830","4465980","193172010","2471590","203326410"
"2021/12/16","12781750","0","67980010","7313940","88075700"
"2021/12/15","10523380","0","49115570","11126270","70765220"
"2021/12/14","11057250","0","21949910","17087880","50095040"
"2021/12/13","12341000","1701810","81476360","6418110","101937280"
"2021/12/10","24531070","0","63195720","2504700","90231490"
"2021/12/09","18984970","4419800","62789990","16612580","102807340"
"2021/12/08","31507370","0","149215480","9075090","189797940"
"2021/12/07","60837280","17250000","87775570","47147510","213010360"
"2021/12/06","71430370","0","80183390","27511490","179125250"
"2021/12/03","22138410","0","106606680","70201100","198946190"
"2021/12/02","44584830","0","93848290","13269960","151703080"
"2021/12/01","14285360","0","134912260","49779080","198976700"
"2021/11/30","145038810","5800","379829660","45346870","570221140"
"2021/11/29","106755560","58300","102470760","46968320","256252940"
"2021/11/26","16824460","0","187337460","36549160","240711080"
"2021/11/25","101397150","13039000","122077890","119651120","356165160"
"2021/11/24","142451410","93440340","210071510","1152910","447116170"
"2021/11/23","47708880","0","38115270","2142930","87967080"
"2021/11/22","91066660","0","185481770","25704850","302253280"
"2021/11/19","225842680","0","81328510","16176180","323347370"
"2021/11/18","87046390","0","179472500","28640560","295159450"
"2021/11/17","332554770","0","164563620","48247240","545365630"
"2021/11/16","120522110","82523300","171151030","9187520","383383960"
"2021/11/15","0","205432310","25815480","14239350","245487140"
"2021/11/12","1354700","60170000","4761660","28130060","94416420"
"2021/11/11","196520300","66917800","124467680","41749590","429655370"
"2021/11/10","229720650","26416200","95390900","27984930","379512680"
"2021/11/09","127268110","381987230","90113810","7988730","607357880"
"2021/11/08","169511190","2955000","395619590","26676450","594762230"
"2021/11/05","70743980","2469600","165037160","6656130","244906870"
"2021/11/04","107291160","5306880","168473160","62415760","343486960"
"2021/11/03","171879940","0","176365560","63823600","412069100"
"2021/11/02","150051480","175112300","87037820","13812130","426013730"
"2021/11/01","59783700","14873810","200520380","38850690","314028580"
"2021/10/29","200997560","2950000","36234390","81854560","322036510"
"2021/10/28","13833550","7978500","82978030","25792360","130582440"
"2021/10/27","60337660","4123000","58440350","28599040","151500050"
"2021/10/26","30059830","13992000","107484750","46231200","197767780"
"2021/10/25","59363170","20340870","51472500","55876840","187053380"
"2021/10/22","48744920","192390","132034750","154758000","335730060"
"2021/10/21","213360920","0","178577660","352224500","744163080"
"2021/10/20","225847690","0","138354280","10574400","374776370"
"2021/10/19","388068010","9304540","263316740","150441960","811131250"
"2021/10/18","74507240","57008280","230709060","78886170","441110750"
"2021/10/15","97733290","54438140","103114190","155550010","410835630"
"2021/10/14","30045270","0","170974380","47603190","248622840"
"2021/10/13","30125510","130059700","34615190","83997360","278797760"
"2021/10/12","122200930","11430000","186019500","129843380","449493810"
"2021/10/08","21603990","5730000","94836950","84947870","207118810"
"2021/10/07","82949560","28760160","135261040","200170400","447141160"
"2021/10/06","39050740","27103510","189062740","148787350","404004340"
"2021/10/05","24139630","35736750","99996610","101544180","261417170"
"2021/10/01","45874050","1592788000","196628860","193009550","2028300460"
"2021/09/30","37585160","0","83629260","119216200","240430620"
"2021/09/29","63693770","0","487849640","171644390","723187800"
"2021/09/28","331731100","114050000","688127150","350277390","1484185640"
"2021/09/27","16058800","83814200","187787950","105777110","393438060"
"2021/09/24","154347740","5580000","432920170","171603110","764451020"
"2021/09/23","51549840","0","440055700","108224700","599830240"
"2021/09/17","16577400","0","295349540","13062660","324989600"
"2021/09/16","18699790","0","172360450","19372610","210432850"
"2021/09/15","25044690","0","181995600","14958590","221998880"
"2021/09/14","44373510","0","192992440","16763880","254129830"
"2021/09/13","63351360","0","136267950","28522390","228141700"
"2021/09/10","33591800","0","127285610","33671880","194549290"
"2021/09/09","6395240","38712100","249925250","23991310","319023900"
"2021/09/08","47344430","0","63182840","20972130","131499400"
"2021/09/07","64948400","11132100","157417080","46511830","280009410"
"2021/09/06","247754440","0","266630690","8785480","523170610"
"2021/09/03","121260340","13286000","222651040","22269150","379466530"
"2021/09/02","14123410","0","70355540","46615850","131094800"
"2021/09/01","254707570","2898250","98757730","73646320","430009870"
"2021/08/31","11210240","22080000","34603740","81604190","149498170"
"2021/08/30","165966690","0","312139290","275154770","753260750"
"2021/08/27","36116040","85290000","572301460","48642960","742350460"
"2021/08/26","19235980","11360000","216289860","19217090","266102930"
"2021/08/25","15656590","5670000","157854070","7978170","187158830"
"2021/08/24","12503770","0","268564960","68768090","349836820"
"2021/08/23","27628210","108781720","394647270","17071060","548128260"
"2021/08/20","81655470","183191820","276640510","51300950","592788750"
"2021/08/19","34696020","1071510","208411530","14897080","259076140"
"2021/08/18","100466660","0","135673710","29527960","265668330"
"2021/08/17","37234600","0","54689880","50343370","142267850"
"2021/08/13","9877520","0","240244380","67512590","317634490"
"2021/08/12","12052500","168600000","268640670","19379430","468672600"
"2021/08/11","21484100",,"180032890","14470320","215987310"
"2021/08/10","121742460","58306960","18739770","12203600","210992790"
"2021/08/09","117466250","0","97213030","9696340","224375620"
"2021/08/06","33704380","0","233129520","25901430","292735330"
"2021/08/05","56290460","197453670","37206180","22905420","313855730"
"2021/08/04","4465390","13797300","63759450","23504000","105526140"
"2021/08/03","42899430","5580000","33973720","46435670","128888820"
"2021/08/02","23505800","0","114613380","65692930","203812110"
"2021/07/30","230636710","52448800","73014910","25818580","381919000"
"2021/07/29","7033760","35965770","161898080","27525770","232423380"
"2021/07/28","53797180","2240000","84778800","11575470","152391450"
"2021/07/27","15983340","0","152318960","32923450","201225750"
"2021/07/26","7262880","0","320926300","30745080","358934260"
"2021/07/23","9012060","0","448047700","14190940","471250700"
"2021/07/22","8737040","0","269297090","39544340","317578470"
"2021/07/21","37264120","0","174866280","10924590","223054990"
"2021/07/20","20107940","4617720","270902820","3397210","299025690"
"2021/07/19","150674940","0","157018910","11082910","318776760"
"2021/07/16","119485570","0","141052590","3336000","263874160"
"2021/07/15","95529880","0","174137350","8724370","278391600"
"2021/07/14","91706620","0","108430180","14140480","214277280"
"2021/07/13","106718970","0","81141450","25864430","213724850"
"2021/07/12","167153840","0","127519960","27965050","322638850"
"2021/07/09","193359800","12198000","305895010","12360730","523813540"
"2021/07/08","121193390","0","265934560","29446540","416574490"
"2021/07/07","134769310","0","287410890","23832810","446013010"
"2021/07/06","207982460","0","252690600","2845620","463518680"
"2021/07/05","159812360","11320000","157235090","12982200","341349650"
"2021/07/02","70692210","11300000","130701850","2663190","215357250"
"2021/07/01","105645330","0","150954200","12554790","269154320"
"2021/06/30","90518870","0","73141920","22560","163683350"
"2021/06/29","23550900","27937760","195966640","39792690","287247990"
"2021/06/28","304630320","56250000","455996010","16578660","833454990"
"2021/06/25","91892670","0","86301810","3363400","181557880"
"2021/06/24","77417700","0","122932960","8361160","208711820"
"2021/06/23","445887660","122008250","156953380","54289380","779138670"
"2021/06/22","301478610","68904320","157835700","5362720","533581350"
"2021/06/21","166193350","27500000","170512620","33591800","397797770"
"2021/06/18","254138090","27750000","68242690","53982840","404113620"
"2021/06/17","146369450","104301750","688003620","32988580","971663400"
"2021/06/16","214691390","0","251696300","45252780","511640470"
"2021/06/15","222274270","9993280","289303870","239940","521811360"
"2021/06/14","367237460","28000000","287220450","6204900","688662810"
"2021/06/11","145973330","0","258374340","65019470","469367140"
"2021/06/10","53689520","0","286072640","37233350","376995510"
"2021/06/09","211717290","55750000","444176850","63040260","774684400"
"2021/06/08","209478400","82600000","142533880","8328330","442940610"
"2021/06/07","203660420","57977680","692992470","117600170","1072230740"
"2021/06/04","426738360","5944050","431978870","87328870","951990150"
"2021/06/03","429460030","56400000","887918020","173275420","1547053470"
"2021/06/02","315159260","83300000","924008160","72630100","1395097520"
"2021/06/01","351537480","110145000","1040030390","68412090","1570124960"
"2021/05/31","379657270","259523060","443666640","52210330","1135057300"
"2021/05/28","365570110","93095080","429808910","170586660","1059060760"
"2021/05/27","778374210","138663460","979284540","53088860","1949411070"
"2021/05/26","150061970","0","369208930","156182500","675453400"
"2021/05/25","152789650","0","734902610","124460460","1012152720"
"2021/05/24","339207710","117956000","855210210","15998940","1328372860"
"2021/05/21","145238130","10080000","243600110","81193250","480111490"
"2021/05/20","302885430","11892590","669430150","9824610","994032780"
"2021/05/18","381918660","25100000","588336905","4205000","999560565"
"2021/05/17","83039500","1500000","196417460","165333100","446290060"
"2021/05/14","321670135","0","362615735","19597540","703883410"
"2021/05/13","614974930","96200410","1498377170","53448630","2263001140"
"2021/05/12","422630930","0","405882775","167869890","996383595"
"2021/05/11","244078035","124750000","254276015","37257890","660361940"
"2021/05/10","219256355","0","412915275","63694530","695866160"
"2021/05/07","161553415","10640000","78116170","100989375","351298960"
"2021/05/06","5888210","190442450","382818220","124969510","704118390"
"2021/05/04","279061020","0","292890170","37280595","609231785"
"2021/05/03","172906890","0","305513440","5427725","483848055"
"2021/04/30","85403950","0","128442885","7689120","221535955"
"2021/04/29","126228290","9920","166614420","5906360","298758990"
"2021/04/28","335604395","0","166076485","11078985","512759865"
"2021/04/27","165511160","144586730","161453925","100233170","571784985"
"2021/04/26","234622495","101825000","471389265","13176860","821013620"
"2021/04/23","249896940","0","248126710","24197060","522220710"
"2021/04/22","305320650","0","270087100","67247255","642655005"
"2021/04/21","399704680","0","197895710","78075460","675675850"
"2021/04/20","370323810","95726955","262882100","125630590","854563455"
"2021/04/19","160133045","14999985","412117915","64781760","652032705"
"2021/04/16","154796400","0","167387075","75248890","397432365"
"2021/04/15","348191850","18070920","386337435","27211400","779811605"
"2021/04/14","71775090","0","132256760","31459055","235490905"
"2021/04/13","286051440","39509935","339128005","55211660","719901040"
"2021/04/12","203581605","36974110","276866570","10201470","527623755"
"2021/04/09","76474430","0","192559400","0","269033830"
"2021/04/08","163855210",,"152529255","63143435","379527900"
"2021/04/07","110830595","0","200494495","45042005","356367095"
"2021/04/06","325000990","0","354605140","29803875","709410005"
"2021/04/05","304439250","0","245837020","22313570","572589840"
"2021/04/02","231814900","15673125","314887140","20184950","582560115"
"2021/04/01","72943470","62258935","249530070","7456885","392189360"
"2021/03/31","344029015","0","357288745","2073535","703391295"
"2021/03/30","302020220","0","307216390","72693475","681930085"
"2021/03/29","365474325","17076000","623833735","178373815","1184757875"
"2021/03/26","55352130","0","497958880","2565870","555876880"
"2021/03/25","1389151235","56564560","762722760","40574980","2249013535"
"2021/03/24","9097740",,"37237970","0","46335710"
"2021/03/23","14145440","1088240","221785300","7401400","244420380"
"2021/03/22","2965945","0","100186795","45780200","148932940"
"2021/03/19","14345120","0","318493020","3283060","336121200"
"2021/03/18","0","0","87996530","6478640","94475170"
"2021/03/17","4521085","0","166340305","8045875","178907265"
"2021/03/16","2919850","0","124298470","0","127218320"
"2021/03/15","1214050","0","198346360","1161440","200721850"
"2021/03/12","9531300",,"56080460","18099665","83711425"
"2021/03/11","71811535","0","75261675","5402410","152475620"
"2021/03/10","51345255","0","29454940","22944115","103744310"
"2021/03/09","67665980","0","101058565","4527905","173252450"
"2021/03/08","43747005","0","149204835","5854820","198806660"
"2021/03/05","88275690","0","101506470","1426685","191208845"
"2021/03/04","27362365","0","216273030","251700","243887095"
"2021/03/03","13249015","0","106008910","50153950","169411875"
"2021/03/02","38391615","0","222331750","11919555","272642920"
"2021/02/26","32343105","0","229319510","17032135","278694750"
"2021/02/25","71210980","0","505864570","36364960","613440510"
"2021/02/24","92020125","0","352726250","5113505","449859880"
"2021/02/23","49586775","0","328817800","0","378404575"
"2021/02/22","96527410","0","207487840","199985","304215235"
"2021/02/19","72562060","26797540","176955860","2659600","278975060"
"2021/02/18","77256665","12053640","199864770","6780770","295955845"
"2021/02/17","301467320","0","359513305","11779280","672759905"
"2021/02/16","150251695","50288700","409358725","2739230","612638350"
"2021/02/15","117149475","51715700","300633005","70856555","540354735"
"2021/02/10","14145810","49000000","587215715","19164875","669526400"
"2021/02/09","5558765","48900000","301712865","21291440","377463070"
"2021/02/08","80429840","71316840","532718265","38557635","723022580"
"2021/02/05","222993765","98962500","549108545","27739320","898804130"
"2021/02/04","89420145","0","156289465","3355470","249065080"
"2021/02/03","111198595","4865000","202770640","37150075","355984310"
"2021/02/02","95033165","0","276610910","9819585","381463660"
"2021/02/01","8308515","0","173146755","9066160","190521430"
"2021/01/29","15018270","0","195087765","9613700","219719735"
"2021/01/28","8812960","0","411313345","53144855","473271160"
"2021/01/27","5544620","0","219254020","6147030","230945670"
"2021/01/26","20069565","0","402203380","6391440","428664385"
"2021/01/25","8224600","1902000","359075905","9838345","379040850"
"2021/01/22","34612925","0","312831405","15331465","362775795"
"2021/01/21","160721815","0","74023695","13283805","248029315"
"2021/01/20","170999710","0","276474795","17975170","465449675"
"2021/01/19","1736725","0","278936135","7259105","287931965"
"2021/01/18","25491940","0","175606445","32929685","234028070"
"2021/01/15","109749065","0","284282345","12651340","406682750"
"2021/01/14","40740180","0","201085815","36994495","278820490"
"2021/01/13","52050975","0","57114295","20921710","130086980"
"2021/01/12","104693850","0","232904630","14339710","351938190"
"2021/01/11","151196585","0","371410755","13451365","536058705"
"2021/01/08","29745220","0","495690980","16485200","541921400"
"2021/01/07","25581260","0","278826285","14885030","319292575"
"2021/01/06","9999595","0","250342500","41034195","301376290"
"2021/01/05","4516920","165296820","299086930","32665430","501566100"
"2021/01/04","46287985","61190500","470654490","84455085","662588060"
"2020/12/30","40205585","10413370","99639175","63550530","213808660"
"2020/12/29","291249960","9907280","135383835","8603105","445144180"
"2020/12/28","125450925","108001620","375161070","8536470","617150085"
"2020/12/24","10317190","15346240","120546960","0","146210390"
"2020/12/23","36616585","25805385","96371445","16819185","175612600"
"2020/12/22","87601705","32063850","184678075","10459520","314803150"
"2020/12/21","100234060","99540000","78227205","56493185","334494450"
"2020/12/18","579368050","94825000","203893705","488836370","1366923125"
"2020/12/17","166867890","75232820","333582585","13027895","588711190"
"2020/12/16","308840070","94800000","66292595","13098900","483031565"
"2020/12/15","18238855","0","140029500","85500","158353855"
"2020/12/14","346886120","1430665","91540320","19440000","459297105"
"2020/12/11","113029345","0","251257770","5069515","369356630"
"2020/12/10","71035700","9591505","228653920","11201060","320482185"
"2020/12/09","61366100","31007500","64653145","19458370","176485115"
"2020/12/08","6351885","6160760","30219640","10108120","52840405"
"2020/12/07","53867640","18134000","275621985","5490240","353113865"
"2020/12/04","162907175","33250740","120245315","42276030","358679260"
"2020/12/03","249315840","41316000","124391930","19206155","434229925"
"2020/12/02","114979700","1687340","156107295","51495690","324270025"
"2020/12/01","114831660","0","162357225","38202300","315391185"
"2020/11/30","177517835",,"174135315","39505115","391158265"
"2020/11/27","50840380","0","96995210","22574635","170410225"
"2020/11/26","100059515",,"211339555","15309630","326708700"
"2020/11/25","155746320",,"149781190","34951175","340478685"
"2020/11/24","247785880",,"72715430","24790830","345292140"
"2020/11/23","188325730",,"65918750","77349285","331593765"
"2020/11/20","321809055","19537955","218663675","56086045","616096730"
"2020/11/19","246780650","196200","197170945","10321500","454469295"
"2020/11/18","114994500","0","407191445","7876725","530062670"
"2020/11/17","21272910","0","361099365","7308235","389680510"
"2020/11/16","165929355","0","217136850","57353730","440419935"
"2020/11/13","344833755","0","58789585","66740380","470363720"
"2020/11/12","142848830","0","232885760","36698190","412432780"
"2020/11/11","261855415","0","201139850","55908095","518903360"
"2020/11/10","178973815","0","205038760","63332010","447344585"
"2020/11/09","153923230","0","437280175","51415575","642618980"
"2020/11/06","361642120","0","76628700","0","438270820"
"2020/11/05","830539310","1960000","253018480","61974085","1147491875"
"2020/11/04","345845430","0","197609555","258810875","802265860"
"2020/11/03","241253240","0","208659365","85383010","535295615"
"2020/11/02","181583645","26634435","208116135","70756645","487090860"
"2020/10/30","214587485","0","286674580","596305775","1097567840"
"2020/10/29","146920185","26184145","412327170","8252820","593684320"
"2020/10/28","202377155","2054850","517275930","9839780","731547715"
"2020/10/27","612511865","0","710994240","83590300","1407096405"
"2020/10/26","184630615","60000000","437633675","87218560","769482850"
"2020/10/23","327888375","95749325","739478890","22862820","1185979410"
"2020/10/22","227647565","39680000","404273300","12844740","684445605"
"2020/10/21","70705125","70283075","545417005","12974295","699379500"
"2020/10/20","89772350","8058925","565752070","52291695","715875040"
"2020/10/19","511901055","428731500","980781260","89208000","2010621815"
"2020/10/16","125061560","63135510","880074110","83932880","1152204060"
"2020/10/15","211225940","0","543475770","18059455","772761165"
"2020/10/14","133278050",,"583273265","30821030","747372345"
"2020/10/13","42716095","0","314648370","49067120","406431585"
"2020/10/12","24557035","0","218467010","39199400","282223445"
"2020/10/08","97113860","0","1120026710","0","1217140570"
"2020/10/07","36101985","0","229146820","10254485","275503290"
"2020/10/06","26024575","0","140091905","17463165","183579645"
"2020/10/05","18779150","0","74721010","26428780","119928940"
"2020/09/29","18468040","0","130727225","18357475","167552740"
"2020/09/28","6327650","12029720","216340930","4630760","239329060"
"2020/09/25","973880","63289905","251948325","4595995","320808105"
"2020/09/24","2607320","0","472962030","4835400","480404750"
"2020/09/23","21687135","0","195971360","2043530","219702025"
"2020/09/22","42341230","0","121865810","54209655","218416695"
"2020/09/21","1795500","0","98529560","10005885","110330945"
"2020/09/18","4367630","0","107416900","9709890","121494420"
"2020/09/17","27789360","147065","158216965","13162910","199316300"
"2020/09/16","44090505","0","200318235","0","244408740"
"2020/09/15","58848525","0","181247125","0","240095650"
"2020/09/14","87446765","0","213221985","3875850","304544600"
"2020/09/11","53687600","0","168909370","13486415","236083385"
"2020/09/10","47723285","1962400","120601470",,"170287155"
"2020/09/09","72214635","0","177930700","14193680","264339015"
"2020/09/08","103093380","0","71145780","0","174239160"
"2020/09/07","172406510","0","116408515","0","288815025"
"2020/09/04","140040195","0","142025475","2518500","284584170"
"2020/09/03","91552270","0","214515130",,"306067400"
"2020/09/02","139961185","0","394445975",,"534407160"
"2020/09/01","240617435","0","280323695",,"520941130"
"2020/08/31","105189015","0","433548445","1347000","540084460"
"2020/08/28","458236815","454000","207970200","2275000","668936015"
"2020/08/27","111423475","0","712179020","12563160","836165655"
"2020/08/26","187659135","0","261119405","24736580","473515120"
"2020/08/25","285816465","0","197893445","2817950","486527860"
"2020/08/24","101245990","100948405","166051170","1515150","369760715"
"2020/08/21","135698060","49941365","113242580","22260270","321142275"
"2020/08/20","96256315","0","496644785","2050565","594951665"
"2020/08/19","138666580","0","125763335","2723150","267153065"
"2020/08/18","330359835","0","464162945","74209040","868731820"
"2020/08/14","4698900","4680000","321279140","9740350","340398390"
"2020/08/13","148738035","9400000","607175255","21946945","787260235"
"2020/08/12","90989935","0","1197420610","54725225","1343135770"
"2020/08/11","30633600","0","906560275","13425","937207300"
"2020/08/10","540243355","0","382140205","14602735","936986295"
"2020/08/07","81169150","0","370859690","29935260","481964100"
"2020/08/06","201050740","4915040","500384610","12352745","718703135"
"2020/08/05","288565315","0","880034350","411837080","1580436745"
"2020/08/04","397659385","0","706023475","96502320","1200185180"
"2020/08/03","328204780","2942590","430439780","113078520","874665670"
"2020/07/31","318967720","0","316277435","89299625","724544780"
"2020/07/30","354680505","0","330875900","92367035","777923440"
"2020/07/29","639792675","0","880734100","146299360","1666826135"
"2020/07/28","345748815","0","1044764390","63866135","1454379340"
"2020/07/27","123404480","0","407060445","8541445","539006370"
"2020/07/24","5798000","0","764032765","76569610","846400375"
"2020/07/23","9984000","0","1080562835","89400","1090636235"
"2020/07/22","539551460","0","1154905625","4599120","1699056205"
"2020/07/21","255547740","0","1454135325","70095420","1779778485"
"2020/07/20","719852340","0","2092125560","470132690","3282110590"
"2020/07/17","1537755505","19046335","7265957805","2367778950","11190538595"
"2020/07/16","6487626515","206476450","22518768035","5680927960","34893798960"