일자,기관 합계,기타법인,개인,외국인 합계,전체
"2023/05/04","527849430","4325000","523430710","25905965","1081511105"
"2023/05/03","584542440","34573320","440243455","121910495","1181269710"
"2023/05/02","395346070","619830","603942150","428305190","1428213240"
"2023/04/28","285423950","78460000","621850070","119996710","1105730730"
"2023/04/27","651494890","0","308267140","80965180","1040727210"
"2023/04/26","609103975","4330000","329003340","293890045","1236327360"
"2023/04/25","729257145","0","318176330","155967940","1203401415"
"2023/04/24","658569935","65275000","465929385","233477410","1423251730"
"2023/04/21","1348494125","0","412581920","75422760","1836498805"
"2023/04/20","795176180","18542100","492638400","30458715","1336815395"
"2023/04/19","637633180","18598780","699456240","111191360","1466879560"
"2023/04/18","737309565","101569435","590845950","99527870","1529252820"
"2023/04/17","361237340","0","637031435","97092200","1095360975"
"2023/04/14","582838005","0","1812120405","51121300","2446079710"
"2023/04/13","486130595","98459510","588796535","94909525","1268296165"
"2023/04/12","209918840","218162615","341726100","19325540","789133095"
"2023/04/11","444521630","210023165","386556460","50110870","1091212125"
"2023/04/10","213159315","19189000","804345595","80322190","1117016100"
"2023/04/07","264410980","0","124975135","106097205","495483320"
"2023/04/06","154483560","4420000","422155290","160044740","741103590"
"2023/04/05","349485115","0","570690215","88531145","1008706475"
"2023/04/04","239851290","17825","588948285","91701025","920518425"
"2023/04/03","263571220","12208420","708649975","83196630","1067626245"
"2023/03/31","218232770","81101065","849366060","186690065","1335389960"
"2023/03/30","157942295","0","580559985","129183080","867685360"
"2023/03/29","239020525","4280","488073185","28964325","756062315"
"2023/03/28","81419510","55690670","767148715","118294580","1022553475"
"2023/03/27","535400485","94238485","1745523455","139878140","2515040565"
"2023/03/24","144713005","0","586227695","65132865","796073565"
"2023/03/23","193720495","0","793647860","205269525","1192637880"
"2023/03/22","501954570","0","452754980","372341100","1327050650"
"2023/03/21","185533270","0","802737730","304680860","1292951860"
"2023/03/20","296361190","0","522326750","77197410","895885350"
"2023/03/17","33149560","22289455","691987965","737088415","1484515395"
"2023/03/16","78800320","4460000","517808595","34887375","635956290"
"2023/03/15","183656005","52975320","570576055","228406185","1035613565"
"2023/03/14","335648970","42272790","874298810","247225755","1499446325"
"2023/03/13","186214390","80415255","998231845","263973155","1528834645"
"2023/03/10","468627070","211693245","731167775","188480850","1599968940"
"2023/03/09","51919450","401935365","361390045","4294310","819539170"
"2023/03/08","180924550","0","665829510","51913675","898667735"
"2023/03/07","658226240","42633545","541278495","49141060","1291279340"
"2023/03/06","406828345","0","658847930","42000440","1107676715"
"2023/03/03","450993225","0","244934650","34344220","730272095"
"2023/03/02","930461850","232237225","316666325","111525600","1590891000"
"2023/02/28","909559745","9024505","293338240","89053125","1300975615"
"2023/02/27","300823890","0","747922030","41322055","1090067975"
"2023/02/24","223667620","0","337910340","39112525","600690485"
"2023/02/23","263132325","8995","323773830","211286345","798201495"
"2023/02/22","140952780","44990000","261547665","43393810","490884255"
"2023/02/21","210287135","2015970","297195660","86159365","595658130"
"2023/02/20","138660465","216250975","555726330","60753945","971391715"
"2023/02/17","174058275","9010","380662030","31023090","585752405"
"2023/02/16","372191970","8965","486485185","190588280","1049274400"
"2023/02/15","251753845","4975530","401949315","97652490","756331180"
"2023/02/14","319108960","116389680","405594030","212981745","1054074415"
"2023/02/13","274433260","82362220","897479885","268846970","1523122335"
"2023/02/10","133488475","46114160","405221115","48938335","633762085"
"2023/02/09","82758935","13830000","369049600","117305775","582944310"
"2023/02/08","135130220","5066885","426016745","47329970","613543820"
"2023/02/07","340171110","13804595","214751520","238476690","807203915"
"2023/02/06","270609220","0","616886765","184885825","1072381810"
"2023/02/03","132345595","350125355","1032817210","253954600","1769242760"
"2023/02/02","311357365","12118795","764414950","200694865","1288585975"
"2023/02/01","448258635","27643070","537645645","120180335","1133727685"
"2023/01/31","477959440","3588000","532619785","749348850","1763516075"
"2023/01/30","737055395","67680000","350024970","247656230","1402416595"
"2023/01/27","1335831755","9220","788740805","127122190","2251703970"
"2023/01/26","683938355","12257665","1268218460","132806905","2097221385"
"2023/01/25","306201290","71455600","2057987100","225234325","2660878315"
"2023/01/20","191073790","88801030","1006233505","44895335","1331003660"
"2023/01/19","176942840","254480455","803103390","85216525","1319743210"
"2023/01/18","333741750","23000000","946547395","85532790","1388821935"
"2023/01/17","387672225","13720","791273295","152212850","1331172090"
"2023/01/16","652118890","54751005","1309576075","73502485","2089948455"
"2023/01/13","451097940","7858620","1098907690","31474040","1589338290"
"2023/01/12","309161210","4429420","830019180","22380565","1165990375"
"2023/01/11","499732795","0","437734170","128416330","1065883295"
"2023/01/10","333288610","199523750","674207215","185770290","1392789865"
"2023/01/09","627989440","13135","539328865","291825340","1459156780"
"2023/01/06","281330580","139176300","668123170","249863480","1338493530"
"2023/01/05","251912855","8605","401210080","165133165","818264705"
"2023/01/04","138651970","0","365188645","164461430","668302045"
"2023/01/03","157789895","85329235","571685035","266596815","1081400980"
"2023/01/02","95576945","4220","594815350","70386450","760782965"
"2022/12/29","207707105","8415","259567780","376742860","844026160"
"2022/12/28","678173955","8490","1058273955","769919670","2506376070"
"2022/12/27","802530975","4385","2628454830","85678460","3516668650"
"2022/12/26","1225573760","5757450","1475336430","155250895","2861918535"
"2022/12/23","252171910","116530090","938017555","57422455","1364142010"
"2022/12/22","951836665","224409840","1117880820","25805765","2319933090"
"2022/12/21","668571775","211939730","823920560","118641130","1823073195"
"2022/12/20","296797170","39345","1476997010","240003555","2013837080"
"2022/12/19","242895680","134016200","624328890","164764980","1166005750"
"2022/12/16","1634122025","23280155","384473050","243244655","2285119885"
"2022/12/15","279653455","23303800","756917705","217305440","1277180400"
"2022/12/14","1410055770","21845","182558455","42670785","1635306855"
"2022/12/13","237055620","17579025","615271165","124875915","994781725"
"2022/12/12","456882475","4405","323177920","2403630","782468430"
"2022/12/09","484651785","4395","254931075","174386845","913974100"
"2022/12/08","116276395","4370","406225320","177793405","700299490"
"2022/12/07","233529070","78073695","349995975","31573165","693171905"
"2022/12/06","195646135","19851365","805149780","164911120","1185558400"
"2022/12/05","139508085","0","488663925","203262260","831434270"
"2022/12/02","85535885","4395","535756695","212689695","833986670"
"2022/12/01","243216985","147800985","1315253270","136852455","1843123695"
"2022/11/30","273151135","21291400","433008135","203343310","930793980"
"2022/11/29","176021065","0","152242340","119945450","448208855"
"2022/11/28","321634550","128250000","591651120","174493065","1216028735"
"2022/11/25","364546560","4244255","295002590","95582590","759375995"
"2022/11/24","516723080","0","220595850","93081725","830400655"
"2022/11/23","441731575","0","203572435","109089970","754393980"
"2022/11/22","507747275","0","222790575","172647985","903185835"
"2022/11/21","763322785","4165","191110590","175599260","1130036800"
"2022/11/18","274649130","0","477208760","313172445","1065030335"
"2022/11/17","367008885","0","199341665","258376145","824726695"
"2022/11/16","384433290","94116575","444995395","249657955","1173203215"
"2022/11/15","493104540","4305","170121170","345206970","1008436985"
"2022/11/14","306458435","5364000","801981485","307245030","1421048950"
"2022/11/11","579900175","72556160","2123783920","143118050","2919358305"
"2022/11/10","327338955","0","429684475","130548255","887571685"
"2022/11/09","537987980","0","290596830","92050560","920635370"
"2022/11/08","1063602980","0","299458260","194056660","1557117900"
"2022/11/07","518361880","348104480","243040655","166178360","1275685375"
"2022/11/04","425238355","5763140","734396480","258942320","1424340295"
"2022/11/03","948203060","0","436187840","368798535","1753189435"
"2022/11/02","1566640695","99948380","616159260","255751680","2538500015"
"2022/11/01","835544205","81654575","511737875","244691790","1673628445"
"2022/10/31","1125115665","31264855","1096813280","161748650","2414942450"
"2022/10/28","760935965","12333780","576372295","180551545","1530193585"
"2022/10/27","1363475005","24711030","1088713485","136866120","2613765640"
"2022/10/26","615078720","36165080","843299525","149868310","1644411635"
"2022/10/25","644813975","68010605","551845945","120349340","1385019865"
"2022/10/24","1287669230","16409725","666537865","190953970","2161570790"
"2022/10/21","1275226360","27085160","1544945960","438977080","3286234560"
"2022/10/20","1579901340","65832170","1869446360","409055530","3924235400"
"2022/10/19","2803204060","42449260","784855100","216100445","3846608865"
"2022/10/18","2165890770","395062995","949799845","275410970","3786164580"
"2022/10/17","1717896395","65021045","1324193455","846034440","3953145335"
"2022/10/14","1027991430","3934770","423653430","294523985","1750103615"
"2022/10/13","1122082655","610212780","1912408330","297219440","3941923205"
"2022/10/12","999023920","3077060","350179320","227423955","1579704255"
"2022/10/11","603401245","0","742154270","416485480","1762040995"
"2022/10/07","1314786190","0","313267525","150700350","1778754065"
"2022/10/06","1161525260","0","796798470","264881555","2223205285"
"2022/10/05","920187425","0","365351315","163534885","1449073625"
"2022/10/04","1113486245","6278235","464231900","207338825","1791335205"
"2022/09/30","1752788945","161673690","1053914180","458701065","3427077880"
"2022/09/29","896510110","34881635","224583970","341129185","1497104900"
"2022/09/28","1859715910","49120690","1319203005","528277705","3756317310"
"2022/09/27","374851605","90478780","831308070","466082300","1762720755"
"2022/09/26","973574975","2240180","810326915","855444810","2641586880"
"2022/09/23","742956540","579287565","1350949280","598480695","3271674080"
"2022/09/22","266659590","114627245","548277195","906447455","1836011485"
"2022/09/21","527415110","9300","378826015","786304170","1692554595"
"2022/09/20","372261545","116862500","280076640","770343380","1539544065"
"2022/09/19","648598735","23354800","1151231860","930446530","2753631925"
"2022/09/16","4335636930","1681950200","4418405820","15907794120","26343787070"
"2022/09/15","1777924445","361157590","2913358385","1311251230","6363691650"
"2022/09/14","1725014280","969950375","4522409530","849161490","8066535675"
"2022/09/13","1606285325","208154520","4669092055","2322483630","8806015530"
"2022/09/08","3581610130","1140387480","8346812160","1838823890","14907633660"
"2022/09/07","516948045","50491635","892588450","266844120","1726872250"
"2022/09/06","115269995","39308140","449227205","191809700","795615040"
"2022/09/05","411311250","11375000","770829935","425054505","1618570690"
"2022/09/02","452641805","1715790","695831040","707587860","1857776495"
"2022/09/01","919559765","20902500","1004286720","694915150","2639664135"
"2022/08/31","325612300","0","964446650","345158960","1635217910"
"2022/08/30","990292315","218101415","423658140","168359060","1800410930"
"2022/08/29","513130530","22228890","790921850","340785750","1667067020"
"2022/08/26","48810995","2359000","595083445","187311700","833565140"
"2022/08/25","215554760","0","1088989590","254425035","1558969385"
"2022/08/24","272184915","9741075","879727910","567441800","1729095700"
"2022/08/23","228034950","72980215","1154040835","860405800","2315461800"
"2022/08/22","138388055","116351970","944768595","89380140","1288888760"
"2022/08/19","348410530","14150","491250670","74269745","913945095"
"2022/08/18","538235305","0","436299225","93942435","1068476965"
"2022/08/17","341558190","2932410","673157795","146259845","1163908240"
"2022/08/16","273648310","4725","771112310","556070030","1600835375"
"2022/08/12","213135780","14190000","419763485","464335520","1111424785"
"2022/08/11","152181660","62994050","660125340","525548330","1400849380"
"2022/08/10","238571450","0","641465890","116171150","996208490"
"2022/08/09","448124370","0","839784375","182110585","1470019330"
"2022/08/08","986589910","27943085","1951252250","348572035","3314357280"
"2022/08/05","634504315","177740000","1518683675","327794570","2658722560"
"2022/08/04","605348930","223658425","1684674260","745601765","3259283380"
"2022/08/03","1810917755","208933535","5470777610","1344019075","8834647975"
"2022/08/02","284127195","46008580","1046391240","306762545","1683289560"
"2022/08/01","2313943215","18547205","3211758720","771442040","6315691180"
"2022/07/29","511771295","135153395","1705378135","530818965","2883121790"
"2022/07/28","179486990","9060000","599146430","243814735","1031508155"
"2022/07/27","67776345","5988040","557337430","132037700","763139515"
"2022/07/26","179809490","7575465","436470870","142027740","765883565"
"2022/07/25","267353660","49335000","629609640","75528075","1021826375"
"2022/07/22","669021445","57188875","939827795","241727190","1907765305"
"2022/07/21","903391990","4469465","980618630","473225955","2361706040"
"2022/07/20","957881605","138535000","1093682225","655374685","2845473515"
"2022/07/19","2803651560","22000000","1262092130","327087740","4414831430"
"2022/07/18","1512776490","39749405","805542820","904135225","3262203940"
"2022/07/15","1390785635","442010050","756500250","705422550","3294718485"
"2022/07/14","1216683845","655714825","2287947860","329413980","4489760510"
"2022/07/13","2722897210","74299880","1107638625","278218355","4183054070"
"2022/07/12","3253084880","148016975","1918592415","501365575","5821059845"
"2022/07/11","1832836405","62541540","1651138590","709400510","4255917045"
"2022/07/08","5349404595","902000","3507302090","596047930","9453656615"
"2022/07/07","2576559065","0","1493712035","488441745","4558712845"
"2022/07/06","2220649030","4685","749565785","1014755485","3984974985"
"2022/07/05","1567123710","4620","1246849650","1013066905","3827044885"
"2022/07/04","4729633415","51109415","1817356365","1090845700","7688944895"
"2022/07/01","2613506145","324423065","3110023640","1971839250","8019792100"
"2022/06/30","559993975","0","2538969455","2805502255","5904465685"
"2022/06/29","4440228095","752489705","2082900545","2976017375","10251635720"
"2022/06/28","1525827440","986764540","4193957390","1215533830","7922083200"
"2022/06/27","1257742930","36833260","1076976390","582331670","2953884250"
"2022/06/24","2251302520","365560560","654286670","959366300","4230516050"
"2022/06/23","2612065920","77408120","1169358650","1266843440","5125676130"
"2022/06/22","2124917190","0","1919651600","975904010","5020472800"
"2022/06/21","987093140","10500","706105970","1005899120","2699108730"
"2022/06/20","2518828890","185242740","2734807390","1014392730","6453271750"
"2022/06/17","1405883230","431428570","2367927790","2044794730","6250034320"
"2022/06/16","615245590","491564370","1558461010","946204330","3611475300"
"2022/06/15","374949780","27405490","1218622330","868884830","2489862430"
"2022/06/14","1270573340","0","1585989650","839039350","3695602340"
"2022/06/13","839483250","520813740","1627282960","1189079720","4176659670"
"2022/06/10","1514627440","597358130","1505747350","672327760","4290060680"
"2022/06/09","711247070","317190000","458490900","369392000","1856319970"
"2022/06/08","1691471840","113105640","407059830","706497380","2918134690"
"2022/06/07","2869872020","11400","3087112930","662197410","6619193760"
"2022/06/03","1109896240","5660","1211295880","1076465170","3397662950"
"2022/06/02","2004329490","0","379917040","446204630","2830451160"
"2022/05/31","1035718000","5670","740382600","2638938690","4415044960"
"2022/05/30","1807148860","73320000","754676910","462886190","3098031960"
"2022/05/27","1399742410","339900000","673599570","654873270","3068115250"
"2022/05/26","2537328980","5661300","815046700","806445080","4164482060"
"2022/05/25","250523280","5620","993860440","909614330","2154003670"
"2022/05/24","550741970","61270000","951543760","860414900","2423970630"
"2022/05/23","782603510","13845000","3053388950","645407570","4495245030"
"2022/05/20","478402010","88974940","902028000","579915520","2049320470"
"2022/05/19","627789510","121195530","1987560120","1449980810","4186525970"
"2022/05/18","383728530","11206260","482578160","295634150","1173147100"
"2022/05/17","790678090","170862590","2627783460","1037455770","4626779910"
"2022/05/16","476660390","0","745931010","541233120","1763824520"
"2022/05/13","191656770","11220","971237650","400904520","1563810160"
"2022/05/12","1085222250","0","1074056700","957450510","3116729460"
"2022/05/11","449495820","63877150","953264750","719894550","2186532270"
"2022/05/10","268814320","56750000","979269570","841379120","2146213010"
"2022/05/09","588507790","5680","1061721360","369629700","2019864530"
"2022/05/06","1705559950","4884580","1607603210","327877750","3645925490"
"2022/05/04","2002791910","17220","1079660040","206659150","3289128320"
"2022/05/03","2787866180","333862670","2293356800","1016000400","6431086050"
"2022/05/02","1016390250","0","752547890","46544150","1815482290"
"2022/04/29","2388501490","0","245440140","872261020","3506202650"
"2022/04/28","1693074130","10068410","1850999200","912547130","4466688870"
"2022/04/27","986992520","17534240","1270799060","983844250","3259170070"
"2022/04/26","1639409700","148454080","1104232880","1434741190","4326837850"
"2022/04/25","2003306430","243474600","1366954380","1139185190","4752920600"
"2022/04/22","1258030310","0","632572310","1704641760","3595244380"
"2022/04/21","789706400","223708240","764673370","1897401590","3675489600"
"2022/04/20","1557587710","0","636805070","1838939440","4033332220"
"2022/04/19","9015017010","0","1142921260","623527010","10781465280"
"2022/04/18","3538110680","225378000","5579291520","1867786530","11210566730"
"2022/04/15","2777402300","250653000","3497880520","494570210","7020506030"
"2022/04/14","3178048760","64084400","4265913030","164409260","7672455450"
"2022/04/13","2411084570","63690000","2387747220","489821410","5352343200"
"2022/04/12","3864925670","201595430","2429085890","63189960","6558796950"
"2022/04/11","3102548070","101059820","1576119010","439601000","5219327900"
"2022/04/08","2890127910","187821440","2210607780","983657840","6272214970"
"2022/04/07","1665595450","342420970","1305535230","716199990","4029751640"
"2022/04/06","2238720200","224000000","1102889610","182909700","3748519510"
"2022/04/05","2260446200","346750880","613019840","195410760","3415627680"
"2022/04/04","1477524930","223200000","1915569980","51900720","3668195630"
"2022/04/01","1754219160","0","1432848030","167140080","3354207270"
"2022/03/31","2627835860","16660","1988642590","224334840","4840829950"
"2022/03/30","1465727050","395370","1470161750","48713550","2984997720"
"2022/03/29","1214874750","218340","688066010","88269270","1991428370"
"2022/03/28","1813917210","16350000","685258890","440816880","2956342980"
"2022/03/25","1842046060","21880000","1346248010","185212190","3395386260"
"2022/03/24","2068549250","173905440","971758250","53458050","3267670990"
"2022/03/23","2061229940","48790830","881346220","257389400","3248756390"
"2022/03/22","590989040","480713830","1980471400","351127100","3403301370"
"2022/03/21","732133480","638957660","890171630","220630670","2481893440"
"2022/03/18","1141881280","597630640","464012280","496142730","2699666930"
"2022/03/17","1212048060","639329350","428344080","555468880","2835190370"
"2022/03/16","587173620","449017360","1464768090","211496330","2712455400"
"2022/03/15","733382530","968925150","506449260","71038380","2279795320"
"2022/03/14","457700730","1058333320","521344230","92867360","2130245640"
"2022/03/11","971780220","1084975100","521090740","114436720","2692282780"
"2022/03/10","647922530","1317573470","353887110","177477520","2496860630"
"2022/03/08","828944940","869655120","963524660","217815850","2879940570"
"2022/03/07","779092690","637732370","968208440","275331360","2660364860"
"2022/03/04","1459237500","1011094340","870600240","150209740","3491141820"
"2022/03/03","1384409690","572559020","468410820","529049650","2954429180"
"2022/03/02","1023330610","570080000","432057880","312771150","2338239640"
"2022/02/28","563402210","0","1277225400","455683220","2296310830"
"2022/02/25","1402156530","322442870","1076658630","234014520","3035272550"
"2022/02/24","1464139880","53400000","1468475490","534185120","3520200490"
"2022/02/23","550884710","348355620","811748090","106438150","1817426570"
"2022/02/22","1154275390","343650","982992550","344835620","2482447210"
"2022/02/21","656515070","0","1165492330","185901240","2007908640"
"2022/02/18","1828378470","10745350","412207470","34649080","2285980370"
"2022/02/17","1408261160","2160050","2042722200","322988670","3776132080"
"2022/02/16","758940240","5300","1430110410","118207740","2307263690"
"2022/02/15","167337880","9504000","1299821990","114645580","1591309450"
"2022/02/14","238161490","285516420","846023670","18438440","1388140020"
"2022/02/11","908732760","413649030","496312630","100277010","1918971430"
"2022/02/10","767839190","306090","806677160","46887870","1621710310"
"2022/02/09","1144011830","15917590","526654330","86326480","1772910230"
"2022/02/08","1300710400","0","557511420","397679510","2255901330"
"2022/02/07","1300542430","5290","499773290","151324700","1951645710"
"2022/02/04","665260500","3521760","525774150","672898700","1867455110"
"2022/02/03","672037660","354041630","999223880","378802370","2404105540"
"2022/01/28","1692287590","1099595150","969367890","500082310","4261332940"
"2022/01/27","1949634310","15600","2153406110","986556770","5089612790"
"2022/01/26","1045354340","99760","653261940","354940980","2053657020"
"2022/01/25","1171056970","52468190","2021912470","628741980","3874179610"
"2022/01/24","1297949290","31730","859135810","492595300","2649712130"
"2022/01/21","540071940","60129620","1561876570","83980760","2246058890"
"2022/01/20","956405970","2650810","753899020","219625760","1932581560"
"2022/01/19","570847860","5310","2408105590","234890310","3213849070"
"2022/01/18","2056147560","77163110","453621140","196218650","2783150460"
"2022/01/17","1627255350","127946670","1858157310","412941440","4026300770"
"2022/01/14","1367287790","115025000","960334290","121483660","2564130740"
"2022/01/13","1246487770","0","598999040","141467110","1986953920"
"2022/01/12","378339220","51623370","498740770","329971760","1258675120"
"2022/01/11","2041222070","0","1364174910","444419000","3849815980"
"2022/01/10","1014124100","32110680","869486830","73483310","1989204920"
"2022/01/07","432440910","55890380","785690980","82000740","1356023010"
"2022/01/06","1065935400","31860000","1485157100","36987800","2619940300"
"2022/01/05","1210408090","11645480","1282266430","570039460","3074359460"
"2022/01/04","2128015910","162606980","1548800620","128609670","3968033180"
"2022/01/03","2023114360","95117630","743896470","307036490","3169164950"
"2021/12/30","2082768900","719536640","866362950","515440480","4184108970"
"2021/12/29","1798824220","718686910","1846085930","2690393650","7053990710"
"2021/12/28","2060814360","319024360","4199478910","421139040","7000456670"
"2021/12/27","11296443410","32898220","2956768070","675080580","14961190280"
"2021/12/24","2326517180","48675400","1052271530","163982400","3591446510"
"2021/12/23","2604042200","392514610","557954610","51746040","3606257460"
"2021/12/22","1691141520","103989360","643077590","15141350","2453349820"
"2021/12/21","2132055410","37460","725437930","41418380","2898949180"
"2021/12/20","1478082320","0","1414009270","376892560","3268984150"
"2021/12/17","1599525810","397225580","768344010","211556140","2976651540"
"2021/12/16","777111850","53810770","477932980","289549640","1598405240"
"2021/12/15","2221560040","332898450","539783610","337572690","3431814790"
"2021/12/14","1404853380","263620000","476063210","191376390","2335912980"
"2021/12/13","1222764220","37545380","486542470","56642230","1803494300"
"2021/12/10","1817281220","16175380","379239510","237772020","2450468130"
"2021/12/09","2863692250","32405370","956446140","93447760","3945991520"
"2021/12/08","3022094360","94572000","559521250","299092250","3975279860"
"2021/12/07","2435078380","0","197093320","387175180","3019346880"
"2021/12/06","1274878610","0","300378140","173482160","1748738910"
"2021/12/03","2135219000","21410710","282256650","288357550","2727243910"
"2021/12/02","2535296910","0","755994780","329222960","3620514650"
"2021/12/01","1395265310","280142100","1150120130","301484910","3127012450"
"2021/11/30","2970832710","5449680","1794087230","1302724450","6073094070"
"2021/11/29","1503096070","294800000","803334350","500306620","3101537040"
"2021/11/26","2130995840","10770000","1480027410","120885220","3742678470"
"2021/11/25","1966900760","143862720","582452100","181073230","2874288810"
"2021/11/24","2003299560","78850400","421874260","77097460","2581121680"
"2021/11/23","1055578050","13151600","755192610","155624790","1979547050"
"2021/11/22","1121170070","278418160","412489910","931527250","2743605390"
"2021/11/19","1688816610","96105420","595650770","523199140","2903771940"
"2021/11/18","1721295090","45820640","1519223100","591676570","3878015400"
"2021/11/17","2417241440","13351410","1337947660","165068210","3933608720"
"2021/11/16","1786430910","126515490","821263250","222754240","2956963890"
"2021/11/15","971929000","382360940","404708640","401652570","2160651150"
"2021/11/12","1248214090","54500000","262210750","436944390","2001869230"
"2021/11/11","2423087580","122400000","410747610","206788520","3163023710"
"2021/11/10","1501611150","705700000","721270490","823093940","3751675580"
"2021/11/09","2231896060","109000000","876483390","370971850","3588351300"
"2021/11/08","3282606130","380929150","599975180","222160980","4485671440"
"2021/11/05","2288014130","108388920","1076005000","371807730","3844215780"
"2021/11/04","1873247290","166080000","503116250","412340100","2954783640"
"2021/11/03","1535670790","329400000","754963530","329531940","2949566260"
"2021/11/02","1372040960","137250000","586708630","230873170","2326872760"
"2021/11/01","1217323000","44080000","2116314710","349534510","3727252220"
"2021/10/29","1324245310","0","1111773480","799182190","3235200980"
"2021/10/28","3161341280","386400000","1870157160","645489690","6063388130"
"2021/10/27","2357781910","375322000","486020790","85342940","3304467640"
"2021/10/26","2719364760","0","383399430","374545740","3477309930"
"2021/10/25","3040544440","0","463816480","335261250","3839622170"
"2021/10/22","3226827250","0","110132100","329053010","3666012360"
"2021/10/21","2634233680","0","691822360","157936240","3483992280"
"2021/10/20","2352460450","0","553267980","180794250","3086522680"
"2021/10/19","2711201780","0","1621908790","122778090","4455888660"
"2021/10/18","1160412960","108800000","312320920","208982940","1790516820"
"2021/10/15","2258928920","54200000","258733080","652145910","3224007910"
"2021/10/14","1259502240","0","305953810","316134000","1881590050"
"2021/10/13","1496242720","108400000","535435440","710089010","2850167170"
"2021/10/12","1823302230","483796000","1980678880","307878130","4595655240"
"2021/10/08","1777000720","20276000","459320310","102410050","2359007080"
"2021/10/07","1960557190","109600000","374303270","69449890","2513910350"
"2021/10/06","3988470880","136404720","2806126350","167760490","7098762440"
"2021/10/05","1999399660","27590000","1985414930","155973970","4168378560"
"2021/10/01","2277454300","88332760","1309234670","310867730","3985889460"
"2021/09/30","3834914210","0","296190710","189102450","4320207370"
"2021/09/29","2638007950","63873640","1497757960","274240780","4473880330"
"2021/09/28","3661704910","0","1381114630","676032750","5718852290"
"2021/09/27","8630783170","252227190","1728539060","328113890","10939663310"
"2021/09/24","8205212720","2768000","1908037690","395130330","10511148740"
"2021/09/23","3967994330","16472240","2201636100","1292339670","7478442340"
"2021/09/17","24928716020","7046000","1045064320","870205750","26851032090"
"2021/09/16","8299886760","9147000","2380651930","134815910","10824501600"
"2021/09/15","1853000860","105411600","819767450","1692434510","4470614420"
"2021/09/14","2827636700","45305000","511457730","771094650","4155494080"
"2021/09/13","2770756060","11239880","1247376980","568945650","4598318570"
"2021/09/10","2093337960","12944840","326163260","155770540","2588216600"
"2021/09/09","2232791740","188819200","558040640","335841910","3315493490"
"2021/09/08","1520482090","106000000","261705540","473200990","2361388620"
"2021/09/07","1302211150","0","583000360","510444570","2395656080"
"2021/09/06","1526240990","107060000","428973290","527483150","2589757430"
"2021/09/03","1033075830","10620000","458449890","2083367390","3585513110"
"2021/09/02","1025872710","2512480","1645142930","2879276780","5552804900"
"2021/09/01","1677100820","603130960","1707473640","107609440","4095314860"
"2021/08/31","2424442510","0","1265579620","2681943420","6371965550"
"2021/08/30","988303950","0","860425080","194016750","2042745780"
"2021/08/27","1005579210","158400000","1512261820","145517850","2821758880"
"2021/08/26","482170920","400936790","735535670","205870140","1824513520"
"2021/08/25","1345075940","26430000","1004495380","144304690","2520306010"
"2021/08/24","1502396120","105200000","662072990","67582520","2337251630"
"2021/08/23","2648224530","73640","1036106960","612420240","4296825370"
"2021/08/20","811294960","527000","1546180810","778325350","3136328120"
"2021/08/19","639566740","13412780","1756156700","229497960","2638634180"
"2021/08/18","618084910","0","1327006680","27001270","1972092860"
"2021/08/17","1542179110","62644620","703565040","218761570","2527150340"
"2021/08/13","1618104150","0","1409896090","261692470","3289692710"
"2021/08/12","923155170","0","1091029170","31818210","2046002550"
"2021/08/11","1169471030","10044620","860737110","88269210","2128521970"
"2021/08/10","848029050","19235820","524391540","74991760","1466648170"
"2021/08/09","5418846840","7050750","795407180","2115009910","8336314680"
"2021/08/06","2273107220","0","784871120","13265660","3071244000"
"2021/08/05","2365311030","87650640","658519440","1259496210","4370977320"
"2021/08/04","1879519350","290950","526845350","404968850","2811624500"
"2021/08/03","1515720180","0","926714670","1803005610","4245440460"
"2021/08/02","871261810","0","649650800","487270210","2008182820"
"2021/07/30","1378976770","10027600","684802450","188380120","2262186940"
"2021/07/29","892203000","10620","580931620","178286700","1651431940"
"2021/07/28","1932428760","0","1063532280","1736262810","4732223850"
"2021/07/27","895192910","10580000","525606240","61085960","1492465110"
"2021/07/26","1995387270","54397430","1701106670","333885670","4084777040"
"2021/07/23","1438240410","638880","627027150","454102310","2520008750"
"2021/07/22","1415886430","25681440","927671700","306663410","2675902980"
"2021/07/21","6204386870","5280000","599225110","45990410","6854882390"
"2021/07/20","1630841840","4189650","474385730","116384310","2225801530"
"2021/07/19","836748270","158500000","673588780","84987660","1753824710"
"2021/07/16","1202702270","37583860","695214230","13151740","1948652100"
"2021/07/15","1540690360","54624700","519561100","155340790","2270216950"
"2021/07/14","2568063720","52800000","269928650","88404600","2979196970"
"2021/07/13","1315545800","0","336670390","23276340","1675492530"
"2021/07/12","1068625530","114775650","591811270","438864480","2214076930"
"2021/07/09","346123900","0","1159408050","477613840","1983145790"
"2021/07/08","795480370","0","1186484910","273945350","2255910630"
"2021/07/07","854336450","0","619847600","266239920","1740423970"
"2021/07/06","1372685700","0","1079049810","679410640","3131146150"
"2021/07/05","4570125430","0","2475560920","1076488350","8122174700"
"2021/07/02","2354676440","36443250","2469756340","25723000","4886599030"
"2021/07/01","2140053800","0","1779397310","103122910","4022574020"
"2021/06/30","2100783280","28818600","1088866570","223969540","3442437990"
"2021/06/29","5866239180","184222640","952991830","2467755060","9471208710"
"2021/06/28","5645991050","714209120","4394954380","760945110","11516099660"
"2021/06/25","2767260700","10046400","901720140","949278820","4628306060"
"2021/06/24","1671140890","20087600","903816310","177376860","2772421660"
"2021/06/23","3211519810","0","1134552080","694236640","5040308530"
"2021/06/22","2808027770","528344920","178572240","119636190","3634581120"
"2021/06/21","1491666170","0","2353187490","352576030","4197429690"
"2021/06/18","12692589440","51708320","1451180310","858153400","15053631470"
"2021/06/17","4481875830","0","137905410","279313900","4899095140"
"2021/06/16","10705779990","772734290","634453120","425199930","12538167330"
"2021/06/15","4597032090","0","290488330","311856630","5199377050"
"2021/06/14","10797671810","0","364922500","263049310","11425643620"
"2021/06/11","2592717250","52300000","587945230","506604590","3739567070"
"2021/06/10","20850139640","0","417199460","122772880","21390111980"
"2021/06/09","5881569470","0","281925070","272620430","6436114970"
"2021/06/08","2032150000","0","275835800","278689870","2586675670"
"2021/06/07","2479600930","57090000","390567250","361614030","3288872210"
"2021/06/04","1534763650","0","280663420","537956630","2353383700"
"2021/06/03","6202352830","5280000","1018933970","1611772040","8838338840"
"2021/06/02","32784564840","68605250","1184852350","743488860","34781511300"
"2021/06/01","9852258460","0","606921380","608204760","11067384600"
"2021/05/31","2637125090","101264800","706971670","443108380","3888469940"
"2021/05/28","1334486520","0","402394170","574197570","2311078260"
"2021/05/27","3112223770","201385600","207692230","342777330","3864078930"
"2021/05/26","680488320","0","202103710","260065540","1142657570"
"2021/05/25","1492236950","0","357968100","694497220","2544702270"
"2021/05/24","1476432520","0","1103919760","263619430","2843971710"
"2021/05/21","695196420","51550000","565286270","194338030","1506370720"
"2021/05/20","915098650","306811740","538935040","207658310","1968503740"
"2021/05/18","1550990500","0","241048570","258924430","2050963500"
"2021/05/17","349879480","288400000","359718440","257833010","1255830930"
"2021/05/14","1371565830","0","299377090","441000340","2111943260"
"2021/05/13","1580507790","153065710","606698300","857469970","3197741770"
"2021/05/12","807474280","0","575235060","546808010","1929517350"
"2021/05/11","960222520","0","201924350","524731100","1686877970"
"2021/05/10","1861651100","0","658574390","742034270","3262259760"
"2021/05/07","996290540","105029000","416966600","2864073280","4382359420"
"2021/05/06","1049360680","0","419756030","1656270490","3125387200"
"2021/05/04","1409119360","0","868530340","1122711180","3400360880"
"2021/05/03","1600023020","17745000","327111370","1300034910","3244914300"
"2021/04/30","1876602360","0","237459980","1414007560","3528069900"
"2021/04/29","52027155610","102300000","488800480","693705740","53311961830"
"2021/04/28","3733139100","307500000","291624600","1209263310","5541527010"
"2021/04/27","1669264280","51600000","464210720","578088040","2763163040"
"2021/04/26","1461994350","0","1240849700","666158450","3369002500"
"2021/04/23","1205024920","0","284329070","428983190","1918337180"
"2021/04/22","1264243980","5180","318310570","828162030","2410721760"
"2021/04/21","275680760","15570000","221755330","571692640","1084698730"
"2021/04/20","696723480","0","309116670","1287951970","2293792120"
"2021/04/19","1799966690","0","443902770","692136140","2936005600"
"2021/04/16","2606799700","0","198667230","764896740","3570363670"
"2021/04/15","27272009680","18284370","257830030","580241880","28128365960"
"2021/04/14","794227980","0","139830430","721026590","1655085000"
"2021/04/13","36699332280","0","169878030","144689240","37013899550"
"2021/04/12","1069023600","0","336116550","415397440","1820537590"
"2021/04/09","26694921130","0","288988040","198443010","27182352180"
"2021/04/08","1648926790","0","67452820","59300810","1775680420"
"2021/04/07","677383420","0","173354990","12828370","863566780"
"2021/04/06","629668720","0","217101700","75432520","922202940"
"2021/04/05","996998950","0","859731140","16638580","1873368670"
"2021/04/02","848279680","0","569658160","45169170","1463107010"
"2021/04/01","862269890","18367230","252289680","3613570","1136540370"
"2021/03/31","1245071530","0","254922330","303122900","1803116760"
"2021/03/30","5800437730","786000","213295590","20082230","6034601550"
"2021/03/29","25961814230","0","352800550","242250130","26556864910"
"2021/03/26","23058472230","0","1029946450","157875540","24246294220"
"2021/03/25","501966830","0","293227910","101972990","897167730"
"2021/03/24","480184400","0","338171290","98711020","917066710"
"2021/03/23","721079120","0","899133980","28120000","1648333100"
"2021/03/22","342709220","0","276977180","85709670","705396070"
"2021/03/19","655284820","5180000","351779290","544648600","1556892710"
"2021/03/18","323991140","20720000","341884100","20530700","707125940"
"2021/03/17","66556910","0","316156880","41811980","424525770"
"2021/03/16","113568200","10360000","292490130","105243220","521661550"
"2021/03/15","491550570","103450190","409742190","55929140","1060672090"
"2021/03/12","581091420","31080000","307141530","25112150","944425100"
"2021/03/11","156488990","0","445996610","161862340","764347940"
"2021/03/10","142702700","0","459886110","334227290","936816100"
"2021/03/09","190499680","0","378549960","72946280","641995920"
"2021/03/08","164380250","30980000","369822830","17761600","582944680"
"2021/03/05","67258840","0","505452700","30999380","603710920"
"2021/03/04","12059030","0","209192730","82100200","303351960"
"2021/03/03","71293200","0","301377930","354375430","727046560"
"2021/03/02","315032250","165670","414168530","68684420","798050870"
"2021/02/26","286633170","0","554070480","191548160","1032251810"
"2021/02/25","211931110","0","629427150","237820060","1079178320"
"2021/02/24","116314070","0","828276250","376987070","1321577390"
"2021/02/23","477745020","0","361164040","99209680","938118740"
"2021/02/22","33202160","0","828277190","607568490","1469047840"
"2021/02/19","745777420","0","505502910","87293580","1338573910"
"2021/02/18","300580720","0","279788750","44173140","624542610"
"2021/02/17","735564920","0","129623080","38420720","903608720"
"2021/02/16","362213510","129500000","134074480","25744600","651532590"
"2021/02/15","126340480","0","536853180","2762500","665956160"
"2021/02/10","136841480","0","395117650","20795570","552754700"
"2021/02/09","108809610","103400000","423395330","39828730","675433670"
"2021/02/08","522134140","0","1118584350","59994190","1700712680"
"2021/02/05","370763590","0","456674260","4601940","832039790"
"2021/02/04","345112580","23100720","516509490","12522510","897245300"
"2021/02/03","265783610","0","182938860","332419180","781141650"
"2021/02/02","332990680","0","165272150","13047000","511309830"
"2021/02/01","74388280",,"308805850","19788140","402982270"
"2021/01/29","284636950","0","436739490","0","721376440"
"2021/01/28","332031670","5090000","270508210","6314080","613943960"
"2021/01/27","220136060","0","341638840","1595430","563370330"
"2021/01/26","289453350","20400000","671776250","43421060","1025050660"
"2021/01/25","178625810","0","252361050","9063850","440050710"
"2021/01/22","580838300","0","292977350","16485980","890301630"
"2021/01/21","420706450","175440","195387280","1315270","617584440"
"2021/01/20","432852980","8409040","506665190","148573960","1096501170"
"2021/01/19","331268740","0","794674800","101249790","1227193330"
"2021/01/18","424869060","11349580","1292596790","158453590","1887269020"
"2021/01/15","482749240","13135050","727174290","51896930","1274955510"
"2021/01/14","333221460","3701650","235356570","31392840","603672520"
"2021/01/13","172342020","8784450","507860530","270997680","959984680"
"2021/01/12","454555930","0","721835365","44070530","1220461825"
"2021/01/11","1557328520","70160000","1237455830","174230030","3039174380"
"2021/01/08","1175121130","24394260","1328246250","18672210","2546433850"
"2021/01/07","1059396830","0","1198460610","26518140","2284375580"
"2021/01/06","776718670","102184970","286612050","48643120","1214158810"
"2021/01/05","1109596350","447920","691677580","51738480","1853460330"
"2021/01/04","940008310","76360000","950649610","237027590","2204045510"
"2020/12/30","485437450","0","874831000","324256100","1684524550"
"2020/12/29","1248539650","5110000","1634252100","232322400","3120224150"
"2020/12/28","3385383750","39600000","1409185220","23786420","4857955390"
"2020/12/24","693306360","104969530","576962590","13142000","1388380480"
"2020/12/23","5474829240","246600640","464420910","54795180","6240645970"
"2020/12/22","262170810","301471320","891162600","95356330","1550161060"
"2020/12/21","430983410","226526430","757216670","206390970","1621117480"
"2020/12/18","3093280800","32340000","3164241110","11393864220","17683726130"
"2020/12/17","2029361140","112816470","1771257450","103999510","4017434570"
"2020/12/16","1489934300","135490000","1297401110","761026890","3683852300"
"2020/12/15","2307305850","176460","1279993990","70165520","3657641820"
"2020/12/14","731772610","0","973903680","10385020","1716061310"
"2020/12/11","1097785920","52227020","685331300","514587680","2349931920"
"2020/12/10","512671180","103509840","860302410","31316000","1507799430"
"2020/12/09","684821080","1188150","503896890","52624850","1242530970"
"2020/12/08","627141330","0","360189150","46225020","1033555500"
"2020/12/07","1430417610","5090000","366824130","34756050","1837087790"
"2020/12/04","2062732800","0","316380940","20837270","2399951010"
"2020/12/03","304969360",,"425725460","41902230","772597050"
"2020/12/02","183597650","3075300","463019580","60046480","709739010"
"2020/12/01","1132985680","5090000","338601050","702012700","2178689430"
"2020/11/30","892904890","81757660","375289300","1499354590","2849306440"
"2020/11/27","540426390","3096000","704300530","52347020","1300169940"
"2020/11/26","630461140","104000000","355228170","38628540","1128317850"
"2020/11/25","1282259350","0","685999370","163301930","2131560650"
"2020/11/24","1104538240","0","153578610","273973440","1532090290"
"2020/11/23","1211630200","104000000","934570460","36924650","2287125310"
"2020/11/20","216343070","10320000","252180190","61513980","540357240"
"2020/11/19","464851140","0","766976220","55309230","1287136590"
"2020/11/18","540619200","0","418152970","118513430","1077285600"
"2020/11/17","1504511270","40931940","307704200","135629790","1988777200"
"2020/11/16","1347713200","0","666452230","125003130","2139168560"
"2020/11/13","1619920000","0","449585210","159745530","2229250740"
"2020/11/12","883451030","0","243709180","126299650","1253459860"
"2020/11/11","617414730",,"344856830","201654540","1163926100"
"2020/11/10","761304160","102975300","354336830","31823410","1250439700"
"2020/11/09","1439492440","77669910","371219040","178359600","2066740990"
"2020/11/06","704008310",,"323416730","97057010","1124482050"
"2020/11/05","633095040","0","302151770","92165520","1027412330"
"2020/11/04","232508180","3156000","337074480","75449160","648187820"
"2020/11/03","434615610","5270000","348304160","130039870","918229640"
"2020/11/02","434447480","0","680141970","154228510","1268817960"
"2020/10/30","541412540","0","959552270","55379740","1556344550"
"2020/10/29","157372400","0","281489140","121232900","560094440"
"2020/10/28","171046930","0","449470010","5220","620522160"
"2020/10/27","805380670","103800000","592795010","171719550","1673695230"
"2020/10/26","485968430","0","786900380","128398330","1401267140"
"2020/10/23","283796360","77412400","607508870","40114790","1008832420"
"2020/10/22","638694820","196840","1159459240","74804480","1873155380"
"2020/10/21","339493440","26178560","361899560","68876220","796447780"
"2020/10/20","264957440","0","320123860","22660060","607741360"
"2020/10/19","493438740","0","208427390","123196620","825062750"
"2020/10/16","1070742080","379922480","382310930","76205460","1909180950"
"2020/10/15","206152760",,"542718270","111042020","859913050"
"2020/10/14","166641410","255861900","539797820","71930180","1034231310"
"2020/10/13","733176270","101600","1023624980","59150720","1816053570"
"2020/10/12","436164470","0","814692540","13993090","1264850100"
"2020/10/08","1189723650","0","479252785","20499515","1689475950"
"2020/10/07","577149755","0","55572760","62312435","695034950"
"2020/10/06","1295772665","1002000","266323650","20621280","1583719595"
"2020/10/05","538564090","0","359361490","43587880","941513460"
"2020/09/29","181206680","74175000","310071810","785860","566239350"
"2020/09/28","63913825","98379740","104620705","21664430","288578700"
"2020/09/25","183286670","98007680","207796505","300843765","789934620"
"2020/09/24","75463365","6188490","351578390","39641995","472872240"
"2020/09/23","777983295","350957620","945425010","127078790","2201444715"
"2020/09/22","130569615","35821460","619995140","34482580","820868795"
"2020/09/21","810186015","0","122575460","481140","933242615"
"2020/09/18","351003720","0","233520140","6445270","590969130"
"2020/09/17","986759395","29100000","204499125","69300920","1289659440"
"2020/09/16","333918895","0","511033880","20378840","865331615"
"2020/09/15","251416510","80609895","196059945","53470","528139820"
"2020/09/14","1299534280","0","364877475","20503705","1684915460"
"2020/09/11","597504350","71869945","350498875","6595720","1026468890"
"2020/09/10","260657915","169714635","399945975","21390420","851708945"
"2020/09/09","241310440","41500475","503739950","37904605","824455470"
"2020/09/08","1014611095","271394005","1084218525","25132920","2395356545"
"2020/09/07","140288025","384775630","886353405","80272335","1491689395"
"2020/09/04","507899940","8962100","326409695","5594985","848866720"
"2020/09/03","713795940","186480655","229380125","47040000","1176696720"
"2020/09/02","622963280","101660395","230101530","0","954725205"
"2020/09/01","132886470","30145080","286037070","1958900","451027520"
"2020/08/31","286766035","0","625112600","40605775","952484410"
"2020/08/28","175106355","12559600","1268816160","30691370","1487173485"
"2020/08/27","529077300","147209320","311313235","14734175","1002334030"
"2020/08/26","778052265","98557440","540770445","16476595","1433856745"
"2020/08/25","789016045","0","736774290","0","1525790335"
"2020/08/24","1827922715","8075930","383062190","8065380","2227126215"
"2020/08/21","1429567880","0","236782090","38252040","1704602010"
"2020/08/20","1822975170","0","1401927735","108156715","3333059620"
"2020/08/19","2031737310","0","438342425","94772770","2564852505"
"2020/08/18","1871307140","35429000","998724515","19004720","2924465375"
"2020/08/14","770270695","125251370","1460464365","60621090","2416607520"
"2020/08/13","4183843775","0","859413140","71592565","5114849480"
"2020/08/12","1549707920","430961400","2855126510","113999720","4949795550"
"2020/08/11","1164146950","0","2733206865","70562455","3967916270"
"2020/08/10","2684776360","0","2374248390","63883340","5122908090"
"2020/08/07","13543570070","299834650","6543819655","2600986765","22988211140"