일자,기관 합계,기타법인,개인,외국인 합계,전체
"2023/05/04","376312590","0","63269230","90369980","529951800"
"2023/05/03","68841230","0","172813870","30668880","272323980"
"2023/05/02","140192050","643750","264527320","23013550","428376670"
"2023/04/28","94892360","5110","200024570","63912460","358834500"
"2023/04/27","99959860","65457210","137589650","70047900","373054620"
"2023/04/26","181323980","316190","290655010","15370010","487665190"
"2023/04/25","350217130","0","158326635","32773945","541317710"
"2023/04/24","482376280","0","65406735","72764180","620547195"
"2023/04/21","180397070","0","124474520","51505390","356376980"
"2023/04/20","297700280","17750000","178374300","16874950","510699530"
"2023/04/19","226577470","17690000","96980980","22243080","363491530"
"2023/04/18","279067060","28667110","60175020","61157060","429066250"
"2023/04/17","124838590","15250130","140750280","119365260","400204260"
"2023/04/14","434946185","0","252718385","7369840","695034410"
"2023/04/13","255350655","0","159187435","9799500","424337590"
"2023/04/12","220585320","0","116612520","32759690","369957530"
"2023/04/11","170802850","0","82616320","41422780","294841950"
"2023/04/10","84267305","17993210","64864400","29276290","196401205"
"2023/04/07","178885040","0","129315110","28725190","336925340"
"2023/04/06","85200490","0","64655460","13051880","162907830"
"2023/04/05","87003650","0","156900340","2561770","246465760"
"2023/04/04","137176485","4985","188573665","2002320","327757455"
"2023/04/03","73910640","0","64613785","10253845","148778270"
"2023/03/31","61691265","0","79630540","32816755","174138560"
"2023/03/30","60232585","0","134415230","3694515","198342330"
"2023/03/29","127478950","5000","286327450","68546490","482357890"
"2023/03/28","80605830","0","79474140","6699575","166779545"
"2023/03/27","219111800","5010","151331215","28779545","399227570"
"2023/03/24","23363590","0","60951640","9190350","93505580"
"2023/03/23","122955050","0","135293900","12977810","271226760"
"2023/03/22","40462440","0","134637270","17035690","192135400"
"2023/03/21","6713590","0","133535840","5738300","145987730"
"2023/03/20","42637730","5030","97675135","15543550","155861445"
"2023/03/17","14528800","30150","83617060","46755500","144931510"
"2023/03/16","49869090","5000","160417090","24909850","235201030"
"2023/03/15","119314295","5050","113781810","9078560","242179715"
"2023/03/14","160249390","0","85179555","75674545","321103490"
"2023/03/13","107515430","0","157247610","20656830","285419870"
"2023/03/10","48329700","0","119298040","6726460","174354200"
"2023/03/09","94443990","50600","100805630","11183670","206483890"
"2023/03/08","29711810","0","63197260","6702080","99611150"
"2023/03/07","46731990","53218700","78389210","3108920","181448820"
"2023/03/06","47677060","0","60323680","7762390","115763130"
"2023/03/03","47157480","10280","62357120","14316600","123841480"
"2023/03/02","177378400","0","63840740","27050740","268269880"
"2023/02/28","57164560","0","82271580","6169410","145605550"
"2023/02/27","80474690","0","48259560","3386270","132120520"
"2023/02/24","110988680","5120","74499890","17812450","203306140"
"2023/02/23","72343110","0","127597230","7814180","207754520"
"2023/02/22","45103320","0","100737230","10832080","156672630"
"2023/02/21","34264820","0","150556170","25996960","210817950"
"2023/02/20","146565930","5050","192456970","14203190","353231140"
"2023/02/17","126192790","5140","37433610","2571270","166202810"
"2023/02/16","218675110","0","96535710","7752610","322963430"
"2023/02/15","51287070","0","39535810","27123230","117946110"
"2023/02/14","26076880","957590","170863010","21898620","219796100"
"2023/02/13","101389250","0","73369660","8472010","183230920"
"2023/02/10","85460550","0","137289850","14544900","237295300"
"2023/02/09","236444970","11230900","83035400","26185410","356896680"
"2023/02/08","107384630","0","128829220","7669340","243883190"
"2023/02/07","50621610","26119040","47596630","33368590","157705870"
"2023/02/06","36924400","1288700","119165270","26138920","183517290"
"2023/02/03","28230680","53080","27988970","1808720","58081450"
"2023/02/02","62751520","15143600","173289960","30060030","281245110"
"2023/02/01","72300930",,"139447650","18778820","230527400"
"2023/01/31","77526050","0","135942810","12512220","225981080"
"2023/01/30","68777430","1606640","99978720","42406810","212769600"
"2023/01/27","75954430","5390","190203400","22535020","288698240"
"2023/01/26","154462240","9421110","115709750","40600660","320193760"
"2023/01/25","58309210","10537690","116875360","17360870","203083130"
"2023/01/20","549549590","9450000","105630880","34054270","698684740"
"2023/01/19","47886370","0","85527320","27333240","160746930"
"2023/01/18","190183310","984430","139038220","73759820","403965780"
"2023/01/17","268933610","5475450","238041690","30960960","543411710"
"2023/01/16","249276140","9433630","78774790","11368690","348853250"
"2023/01/13","44654170","631770","130566650","16195070","192047660"
"2023/01/12","189922550","15980","156495640","2641550","349075720"
"2023/01/11","54264460","5340","62735870","17702330","134708000"
"2023/01/10","78335030","16120","53085190","8488820","139925160"
"2023/01/09","76095410","0","184553430","25861100","286509940"
"2023/01/06","140655950","16090","151491600","16439420","308603060"
"2023/01/05","39054290","3356250","185512490","23962730","251885760"
"2023/01/04","115610460","10650","89828360","24818460","230267930"
"2023/01/03","43313410","11293020","301887360","23548400","380042190"
"2023/01/02","40912020","16150","223472050","20088500","284488720"
"2022/12/29","50609920","5350","309294390","12485590","372395250"
"2022/12/28","44777340","0","212038140","10093790","266909270"
"2022/12/27","68112550","4382840","180084150","68459150","321038690"
"2022/12/26","200067090","311940","364589760","123204270","688173060"
"2022/12/23","197528360","512414820","274188460","37281130","1021412770"
"2022/12/22","211190710","20830","118499960","70881120","400592620"
"2022/12/21","139834580","322588270","289802270","75682330","827907450"
"2022/12/20","259471970","205398960","145840990","141309090","752021010"
"2022/12/19","283990310","22950750","241849110","62879985","611670155"
"2022/12/16","195136750","449005400","266315860","66407785","976865795"
"2022/12/15","216722195","0","133632755","57055760","407410710"
"2022/12/14","228060035","22035500","176114120","52208020","478417675"
"2022/12/13","140671235","2044350","144399705","63402610","350517900"
"2022/12/12","122391520","0","120068635","24361180","266821335"
"2022/12/09","183498225","0","86009970","7516600","277024795"
"2022/12/08","104853405","0","70334405","14119030","189306840"
"2022/12/07","47069315","36852000","152568535","24714500","261204350"
"2022/12/06","109058855","0","57699130","48206955","214964940"
"2022/12/05","174410365","1996910","103944340","41447220","321798835"
"2022/12/02","176767100",,"161709475","19705915","358182490"
"2022/12/01","199474605","1998880","171245825","49919495","422638805"
"2022/11/30","144334790","293891325","49296655","51432155","538954925"
"2022/11/29","37298900",,"176504300","37889060","251692260"
"2022/11/28","132447715","0","177171265","20006290","329625270"
"2022/11/25","28398960","20006000","303922150","14527985","366855095"
"2022/11/24","151157345","23773660","99989490","8529670","283450165"
"2022/11/23","63735510","12258000","74221765","15208825","165424100"
"2022/11/22","90428435","0","71480705","29149675","191058815"
"2022/11/21","150302515",,"86711015","27281585","264295115"
"2022/11/18","108730275",,"67311115","45623100","221664490"
"2022/11/17","155641425",,"59421190","56027485","271090100"
"2022/11/16","288212845","0","239244355","74249770","601706970"
"2022/11/15","26070930",,"235963520","21270845","283305295"
"2022/11/14","242215040",,"79219605","65156275","386590920"
"2022/11/11","237415810",,"250670085","102013005","590098900"
"2022/11/10","115651265","0","77998790","28811445","222461500"
"2022/11/09","172172170",,"77585910","19482925","269241005"
"2022/11/08","171287175","0","68859785","18475905","258622865"
"2022/11/07","292662805","27229170","41498480","20474535","381864990"
"2022/11/04","62486575","0","36863875","81747215","181097665"
"2022/11/03","61668435","0","58787910","77802565","198258910"
"2022/11/02","313273750","1380815","139549510","67273825","521477900"
"2022/11/01","478691470","17950000","103119395","29957140","629718005"
"2022/10/31","152591515","103565300","103805070","58732750","418694635"
"2022/10/28","191604970","132845495","68390290","99705185","492545940"
"2022/10/27","536340280","29511425","146839365","25969175","738660245"
"2022/10/26","123238805","7565505","78765000","46984180","256553490"
"2022/10/25","53450130","26809295","208261195","26440760","314961380"
"2022/10/24","190740055","189363630","148280095","60222145","588605925"
"2022/10/21","718821830","15563020","183100340","162379580","1079864770"
"2022/10/20","397254605","29358245","129820780","72548165","628981795"
"2022/10/19","593949925","1333000","73614965","97807340","766705230"
"2022/10/18","449343890","10190650","291948650","145024380","896507570"
"2022/10/17","627241510","23493990","236811495","104936540","992483535"
"2022/10/14","354230930","448000","315574115","54166475","724419520"
"2022/10/13","383448015","0","228018740","130996200","742462955"
"2022/10/12","141517715","2629440","127692300","60509985","332349440"
"2022/10/11","94159950","0","52431290","68104395","214695635"
"2022/10/07","428011015","0","144042530","36261115","608314660"
"2022/10/06","403923885","142200","52676025","31841035","488583145"
"2022/10/05","211520485","0","31342290","26150890","269013665"
"2022/10/04","482855015","23650","116275595","25460300","624614560"
"2022/09/30","368087595","5768000","146674270","65203780","585733645"
"2022/09/29","403793060","10468650","116704200","63279545","594245455"
"2022/09/28","354500760","2125870","103330745","63279585","523236960"
"2022/09/27","109494450","205590","170881665","70567385","351149090"
"2022/09/26","113122395","8619530","224825940","182239295","528807160"
"2022/09/23","88628980","52098810","89641870","68213100","298582760"
"2022/09/22","95601410","8254000","118543990","39251930","261651330"
"2022/09/21","127528540","5171350","174208790","25787750","332696430"
"2022/09/20","157488850","7046890","135065140","28030060","327630940"
"2022/09/19","455293680","5546580","151191890","49606460","661638610"
"2022/09/16","180459130","41366590","119438840","163048140","504312700"
"2022/09/15","145378050","9790190","178679070","35889880","369737190"
"2022/09/14","148225490","0","130753650","53716460","332695600"
"2022/09/13","423150510","5180","156587400","141765680","721508770"
"2022/09/08","393554500","0","59333140","112699750","565587390"
"2022/09/07","189396090","7533610","188297100","188809180","574035980"
"2022/09/06","227275670","5270","114101010","46307720","387689670"
"2022/09/05","148418310","0","177466490","33852250","359737050"
"2022/09/02","181995750","30381750","114507550","108652380","435537430"
"2022/09/01","269777800","0","52470830","126214710","448463340"
"2022/08/31","110945990","0","98219930","125636520","334802440"
"2022/08/30","1034676880","0","60220740","86304240","1181201860"
"2022/08/29","432211740","685351800","152227670","102443170","1372234380"
"2022/08/26","183831960","0","74754820","118829740","377416520"
"2022/08/25","266868840","0","72482660","91122480","430473980"
"2022/08/24","378964190","8277300","80956470","92106830","560304790"
"2022/08/23","355713360","21169650","130222340","59736030","566841380"
"2022/08/22","275295860","0","80594700","118205900","474096460"
"2022/08/19","268270850","2524500","69139280","22991750","362926380"
"2022/08/18","451822930","0","37125500","120691020","609639450"
"2022/08/17","342031950","0","28230880","33817840","404080670"
"2022/08/16","447017760","0","102755850","183537620","733311230"
"2022/08/12","379799250",,"70954810","7170410","457924470"
"2022/08/11","443732200","0","73222550","19612890","536567640"
"2022/08/10","259151530","0","113977460","12825030","385954020"
"2022/08/09","79596500","0","62479650","4854110","146930260"
"2022/08/08","123401970","0","58556640","15972200","197930810"
"2022/08/05","318063920","0","64951960","61771010","444786890"
"2022/08/04","881062960","0","129103070","48695290","1058861320"
"2022/08/03","328427240","2783110","81129410","88553720","500893480"
"2022/08/02","320541220","57600","65108860","62901480","448609160"
"2022/08/01","500288070","172500","41990140","140416340","682867050"
"2022/07/29","509987190","10927010","358786050","19863980","899564230"
"2022/07/28","229179640","0","103217970","58044900","390442510"
"2022/07/27","170499020","3252000","65739190","38974620","278464830"
"2022/07/26","191403610","0","97864480","56655510","345923600"
"2022/07/25","1543466690","5350","108967390","42078800","1694518230"
"2022/07/22","846251190","10680","90207940","25578200","962048010"
"2022/07/21","369779540","0","29249570","1877120","400906230"
"2022/07/20","527568510","0","184805140","74830930","787204580"
"2022/07/19","287962780","0","46560590","27519500","362042870"
"2022/07/18","133705850","274500000","201041390","13821770","623069010"
"2022/07/15","453965830","0","647385740","32108500","1133460070"
"2022/07/14","300957500","0","212585100","19411660","532954260"
"2022/07/13","797123580","0","145759150","4477680","947360410"
"2022/07/12","149095100","0","186694500","10529540","346319140"
"2022/07/11","308255360","0","158140990","37412270","503808620"
"2022/07/08","142167630","667417940","65079190","16881170","891545930"
"2022/07/07","119054800","0","189965850","10713400","319734050"
"2022/07/06","236781310","0","69649560","73201020","379631890"
"2022/07/05","201583840","0","217883520","115071860","534539220"
"2022/07/04","362975700","11280000","292812940","35006700","702075340"
"2022/07/01","284251440","0","219622990","150236880","654111310"
"2022/06/30","393487670","595040","412825860","273311210","1080219780"
"2022/06/29","545206980","0","55557060","103972440","704736480"
"2022/06/28","378344100","0","168849880","70994320","618188300"
"2022/06/27","309794970","11730","67436800","315571020","692814520"
"2022/06/24","751530600","293052980","351122780","221173850","1616880210"
"2022/06/23","400388230","339600000","876474290","399850340","2016312860"
"2022/06/22","493026000","2284000","205505380","214783540","915598920"
"2022/06/21","383085000","0","148299080","321589960","852974040"
"2022/06/20","588587180","17972860","766250260","235048330","1607858630"
"2022/06/17","194316580","18402830","232677720","245271730","690668860"
"2022/06/16","290235910","74830000","178998010","212318850","756382770"
"2022/06/15","288163900","0","261291250","305283410","854738560"
"2022/06/14","453382120","0","362307920","368524200","1184214240"
"2022/06/13","223527540","86329730","251402550","132235760","693495580"
"2022/06/10","486201050","0","262874610","131149670","880225330"
"2022/06/09","221011620","3942000","38054160","60313750","323321530"
"2022/06/08","342489120","49881010","170705750","53536980","616612860"
"2022/06/07","214746960","55298800","237714390","87868090","595628240"
"2022/06/03","275674240","0","272775740","127596490","676046470"
"2022/06/02","247524990","91911020","158876760","97091490","595404260"
"2022/05/31","248631370","135621350","91337200","305767210","781357130"
"2022/05/30","825304800","1312000","277435650","454620030","1558672480"
"2022/05/27","1635807860","150913850","875088630","305559730","2967370070"
"2022/05/26","805533420","392508070","865849190","442724000","2506614680"
"2022/05/25","7014305990","66938180","733302630","532819690","8347366490"
"2022/05/24","685906060","157895300","457174230","261921680","1562897270"
"2022/05/23","562212240","62205000","256810740","227571310","1108799290"
"2022/05/20","393963220","0","126131730","560365610","1080460560"
"2022/05/19","368144960","14542310","353183520","628502560","1364373350"
"2022/05/18","426477760","53148100","96497410","171106010","747229280"
"2022/05/17","666906170","6600000","239618500","302894500","1216019170"
"2022/05/16","898981550","15028620","322929190","110915800","1347855160"
"2022/05/13","538724940","82391190","355549420","337648230","1314313780"
"2022/05/12","304288630","126765820","330977540","301061880","1063093870"
"2022/05/11","662042420","87411960","400208050","480541910","1630204340"
"2022/05/10","3400750340","589505830","978968420","651495410","5620720000"
"2022/05/09","31593260590","187802730","888295990","321384860","32990744170"
"2022/05/06","425834840","102624730","547284120","252886840","1328630530"
"2022/05/04","1238680550","286046950","989305280","90354820","2604387600"
"2022/05/03","514881500","86213870","580976890","135892680","1317964940"
"2022/05/02","395606490","33822420","168201510","134502860","732133280"
"2022/04/29","242213270","138583610","608451680","71856320","1061104880"
"2022/04/28","317668530","11452000","644900900","56403120","1030424550"
"2022/04/27","270011420","0","907893200","182060450","1359965070"
"2022/04/26","694360050","0","659112670","27720840","1381193560"
"2022/04/25","1028435370","7556190","641096480","351091830","2028179870"
"2022/04/22","618193940","12242400","724815740","40300150","1395552230"
"2022/04/21","455106070","28700000","766602450","120350990","1370759510"
"2022/04/20","296289340","42130000","616342470","48211230","1002973040"
"2022/04/19","213524820","32566720","821855800","200285010","1268232350"
"2022/04/18","492483670","28511640","528599840","246930480","1296525630"
"2022/04/15","575284880","9035000","1263127860","57828300","1905276040"
"2022/04/14","383883560","0","739222250","94823750","1217929560"
"2022/04/13","252634280","28117500","632112530","187035290","1099899600"
"2022/04/12","220502740","110212500","705010300","94374610","1130100150"
"2022/04/11","225530010","119503990","399701020","207772140","952507160"
"2022/04/08","239747310","113952000","832828650","152652020","1339179980"
"2022/04/07","257680840","186938510","2191667250","495012740","3131299340"
"2022/04/06","1041850900","525372780","367557430","69190630","2003971740"
"2022/04/05","440148750","391914090","499100280","16137950","1347301070"
"2022/04/04","195969750","0","349604250","38499620","584073620"
"2022/04/01","249763720","64339630","815324070","65875000","1195302420"
"2022/03/31","229248320","71710000","336407640","22548190","659914150"
"2022/03/30","265326620","222766410","145924820","56776600","690794450"
"2022/03/29","242843910","67605000","207612540","11236730","529298180"
"2022/03/28","641040080","13717730","79276120","3827010","737860940"
"2022/03/25","137233250","25800000","84998840","33204760","281236850"
"2022/03/24","737193320","19470000","70661370","33841990","861166680"
"2022/03/23","286752240","13030000","127496410","20972830","448251480"
"2022/03/22","496370700","0","185595550","160438970","842405220"
"2022/03/21","328531220","0","79037910","116832810","524401940"
"2022/03/18","460636110","0","242300050","98139970","801076130"
"2022/03/17","435321610","18336410","54473240","153673390","661804650"
"2022/03/16","395315940","0","138990900","71784970","606091810"
"2022/03/15","922981720","0","295537190","137385580","1355904490"
"2022/03/14","360962760","0","142414150","155681910","659058820"
"2022/03/11","655465550","11492000","465005500","152837790","1284800840"
"2022/03/10","466614010","26236530","139421740","69686360","701958640"
"2022/03/08","197412950","0","103804100","215214410","516431460"
"2022/03/07","126936100","16817000","292090790","76455240","512299130"
"2022/03/04","821487550","6780000","529343340","70084260","1427695150"
"2022/03/03","267331760","0","232478680","13755230","513565670"
"2022/03/02","1104415290","0","297089370","196764680","1598269340"
"2022/02/28","176186070",,"208602440","55513400","440301910"
"2022/02/25","336321960",,"103600350","78599540","518521850"
"2022/02/24","134299790","784800","519457910","122265090","776807590"
"2022/02/23","480904020","0","134121780","164989970","780015770"
"2022/02/22","80931710","0","289625700","32905480","403462890"
"2022/02/21","191908690","127375600","144779080","95143900","559207270"
"2022/02/18","121406550","32600000","387652960","80906550","622566060"
"2022/02/17","214825300","2608000","371014310","143588870","732036480"
"2022/02/16","207002840","0","93372370","91147840","391523050"
"2022/02/15","247371920","0","259796830","223324490","730493240"
"2022/02/14","60411520","0","210939890","173146330","444497740"
"2022/02/11","262715350","270074220","361983080","193246010","1088018660"
"2022/02/10","361039040","13210730","166054630","99186090","639490490"
"2022/02/09","534614640","25317500","276669680","29033450","865635270"
"2022/02/08","365412260","0","250746570","137205640","753364470"
"2022/02/07","442871640","101641280","198662170","228657650","971832740"
"2022/02/04","458842830","741472890","407148090","123380550","1730844360"
"2022/02/03","544224210","347008510","170649020","74418730","1136300470"
"2022/01/28","563498800","179410000","202966430","118703580","1064578810"
"2022/01/27","257664380","31212080","394993210","65024550","748894220"
"2022/01/26","60454540","89896540","207720340","62153240","420224660"
"2022/01/25","179824050","104520660","241473630","94672780","620491120"
"2022/01/24","82165550","327724230","150857590","44822350","605569720"
"2022/01/21","130857420","265633030","125389970","10876800","532757220"
"2022/01/20","184516410","0","120133940","6019840","310670190"
"2022/01/19","265395730","0","299591910","169210840","734198480"
"2022/01/18","49228280","0","185359690","37646450","272234420"
"2022/01/17","321194710","12459800","274756140","123103900","731514550"
"2022/01/14","85789240","9233400","215046800","49314790","359384230"
"2022/01/13","97851410","86001000","108437470","20762700","313052580"
"2022/01/12","53203100","4377400","187817800","37912460","283310760"
"2022/01/11","67217890","0","168003280","66679990","301901160"
"2022/01/10","148715210","1310000","197878190","47774580","395677980"
"2022/01/07","125742050","0","195967310","177833940","499543300"
"2022/01/06","244765100","0","305313920","54931300","605010320"
"2022/01/05","138368000","6520","314909120","115331120","568614760"
"2022/01/04","231906940","0","316032040","49837810","597776790"
"2022/01/03","486042750","64400000","86906440","107568530","744917720"
"2021/12/30","149870610","64846200","58487350","34401250","307605410"
"2021/12/29","89736840","146089520","84386590","13807410","334020360"
"2021/12/28","386566320","8398000","570306650","8407190","973678160"
"2021/12/27","253679200","19332880","219421050","136119660","628552790"
"2021/12/24","476541410","0","125285190","125100890","726927490"
"2021/12/23","339205850","0","91984730","59797980","490988560"
"2021/12/22","178878840","8034270","121188220","39400380","347501710"
"2021/12/21","338492450","6320","49123300","80550290","468172360"
"2021/12/20","175292500","0","119678300","66999580","361970380"
"2021/12/17","136341560","31433380","140134740","129221810","437131490"
"2021/12/16","60167870",,"393546010","81588590","535302470"
"2021/12/15","32518690","12950","280988820","65000130","378520590"
"2021/12/14","36395250","129012930","204019890","43761450","413189520"
"2021/12/13","111484140","0","396457500","26802670","534744310"
"2021/12/10","426663290","0","205805040","77208820","709677150"
"2021/12/09","170561050","63600000","221622240","53301090","509084380"
"2021/12/08","178715260","14432400","138483520","89948630","421579810"
"2021/12/07","179928950","6350","104450290","93561800","377947390"
"2021/12/06","224319270","7492110","290920030","200804660","723536070"
"2021/12/03","564912380","53810040","291399200","155044530","1065166150"
"2021/12/02","1108879000","38189050","280921640","103137850","1531127540"
"2021/12/01","699390050","0","382074830","108626260","1190091140"
"2021/11/30","1488908290","0","882741270","230540230","2602189790"
"2021/11/29","1171310870","92337120","705095470","422791980","2391535440"
"2021/11/26","814070060","423470220","925001990","192053240","2354595510"
"2021/11/25","10016474370","359297600","325422790","310736770","11011931530"
"2021/11/24","184461260","155713920","456649990","64376700","861201870"
"2021/11/23","168081340","84584110","905383460","96735750","1254784660"
"2021/11/22","281294340","29271030","1711928390","186351740","2208845500"
"2021/11/19","158286620","139920470","315267620","173487840","786962550"
"2021/11/18","17092430","0","601748940","208002220","826843590"
"2021/11/17","223838650",,"865231820","72730310","1161800780"
"2021/11/16","384320750","0","1237759790","56004940","1678085480"
"2021/11/15","220553790","0","243786160","91083080","555423030"
"2021/11/12","171299780","0","184189030","139703100","495191910"
"2021/11/11","102434840","0","247635220","83356090","433426150"
"2021/11/10","90975240","0","511573870","80443400","682992510"
"2021/11/09","134638680","0","408426470","117862950","660928100"
"2021/11/08","6751570",,"446192130","98927640","551871340"
"2021/11/05","166346770","1113840","569157140","83978600","820596350"
"2021/11/04","316337130","6570","938852660","172399140","1427595500"
"2021/11/03","57639600","72290730","450800910","170979020","751710260"
"2021/11/02","106484300","36031230","749390240","270541520","1162447290"
"2021/11/01","356270560","23840000","842498330","104342830","1326951720"
"2021/10/29","930262900","95985730","839809770","100523980","1966582380"
"2021/10/28","1806435830","84364290","312029110","49530040","2252359270"
"2021/10/27","411566060","61693800","214959140","22041660","710260660"
"2021/10/26","250130140","49500000","170106910","21317220","491054270"
"2021/10/25","12961430","87981380","151747740","44283050","296973600"
"2021/10/22","121474760","16375000","157665490","41981340","337496590"
"2021/10/21","129575040","16250000","250119520","136171310","532115870"
"2021/10/20","321093650","48800000","181518830","160868720","712281200"
"2021/10/19","1685815220","97125000","347886180","54640800","2185467200"
"2021/10/18","102313470","31875000","655930340","14546240","804665050"
"2021/10/15","52332460","15875000","254513050","34872630","357593140"
"2021/10/14","98717410","63100000","417600350","71298200","650715960"
"2021/10/13","63694130","63863030","340856200","9777770","478191130"
"2021/10/12","1521130","0","325333460","63477530","390332120"
"2021/10/08","6286310","0","619047340","32829610","658163260"
"2021/10/07","25736900","15843990","304064830","37948680","383594400"
"2021/10/06","125291770","0","458575560","68680100","652547430"
"2021/10/05","46266770","0","788963980","41974830","877205580"
"2021/10/01","12598520","101440","307627510","44705540","365033010"
"2021/09/30","8162040","8932790","358695040","22355860","398145730"
"2021/09/29","607219280","33401600","411004710","23747730","1075373320"
"2021/09/28","179063020","79875000","451966230","77536200","788440450"
"2021/09/27","526845060","79475000","320265810","86941600","1013527470"
"2021/09/24","56029380","63000000","238143510","37494860","394667750"
"2021/09/23","78819820","15639060","278469450","16865800","389794130"
"2021/09/17","122900600","24303550","256434470","35330470","438969090"
"2021/09/16","23694710","6993630","376513740","30495570","437697650"
"2021/09/15","126632520","17612500","880483200","13829520","1038557740"
"2021/09/14","95545080","29215720","237818200","16502460","379081460"
"2021/09/13","34187820","46750000","142710610","31140060","254788490"
"2021/09/10","92524030","15500000","101212550","18900560","228137140"
"2021/09/09","353819740","81386120","174285620","8040680","617532160"
"2021/09/08","231164130","15600000","320462290","707319880","1274546300"
"2021/09/07","296052830","827640","213237720","188893140","699011330"
"2021/09/06","1578106960","196019000","912644380","129908070","2816678410"
"2021/09/03","260375130","30675000","212327400","39871350","543248880"
"2021/09/02","408499210","30500000","166065100","65918950","670983260"
"2021/09/01","508912640","15225000","252349120","7878960","784365720"
"2021/08/31","173141350","60600000","331227630","4972840","569941820"
"2021/08/30","347712340","30084240","105428550","77252260","560477390"
"2021/08/27","227045330","497773040","378660010","6467240","1109945620"
"2021/08/26","263906140","105350000","98534080","79434520","547224740"
"2021/08/25","270723600","120550000","278591390","41956180","711821170"
"2021/08/24","392794670","14950000","237509790","35434820","680689280"
"2021/08/23","381441330","363996040","169311480","8138180","922887030"
"2021/08/20","310023990","341438410","481143020","88012380","1220617800"
"2021/08/19","492320820","385868820","509469150","121844060","1509502850"
"2021/08/18","244107720","0","445866160","409530","690383410"
"2021/08/17","215322200","15125000","430013900","17962000","678423100"
"2021/08/13","206002840","45273400","275575160","39361730","566213130"
"2021/08/12","78134680","15125000","71019520","27021110","191300310"
"2021/08/11","27726650","10043000","293336830","38556700","369663180"
"2021/08/10","179972570","80496600","171801640","112224140","544494950"
"2021/08/09","95878890","36903950","146709320","63772310","343264470"
"2021/08/06","288815680","149032480","215619960","22178180","675646300"
"2021/08/05","528123330","468299560","401078290","59598480","1457099660"
"2021/08/04","631216930","503164090","480806540","5465790","1620653350"
"2021/08/03","237509760","14925000","126313480","21574300","400322540"
"2021/08/02","349620590","14925000","173918430","9122970","547586990"
"2021/07/30","345870770","0","350039360","16637840","712547970"
"2021/07/29","236469900","194768480","521418500","0","952656880"
"2021/07/28","217733410","129706840","410119000","28902150","786461400"
"2021/07/27","359717590","0","289430600","25419810","674568000"
"2021/07/26","221091610","0","99228480","55963470","376283560"
"2021/07/23","103131450","15682000","322846970","22882820","464543240"
"2021/07/22","179588940","0","164773780","6130000","350492720"
"2021/07/21","103446110","0","63284870","17407650","184138630"
"2021/07/20","105954440","0","275329340","3114040","384397820"
"2021/07/19","322790060","30750000","126248490","14803380","494591930"
"2021/07/16","104969950","15943500","140271350","3224380","264409180"
"2021/07/15","211645350","45925000","543864170","115936190","917370710"
"2021/07/14","124326310","61420000","244247710","61421040","491415060"
"2021/07/13","31484860","31198310","172300980","16024370","251008520"
"2021/07/12","54307280","91989920","192179260","13605350","352081810"
"2021/07/09","145171390","256200","387669980","58738570","591836140"
"2021/07/08","217957880","61980630","421389420","44180190","745508120"
"2021/07/07","138023070","79433000","258153990","36406840","512016900"
"2021/07/06","69080930","30775000","294824020","23673610","418353560"
"2021/07/05","233854820","46058830","141828070","101425960","523167680"
"2021/07/02","195667600","106775000","292908600","3855660","599206860"
"2021/07/01","99252340","30250000","324913920","14242960","468659220"
"2021/06/30","178881480","174666350","185104120","8173550","546825500"
"2021/06/29","150861410","45756340","343964240","48667360","589249350"
"2021/06/28","319098420","45850000","155476910","83693910","604119240"
"2021/06/25","284687060","18651960","141873950","42729140","487942110"
"2021/06/24","253022150","29300650","109387400","117913500","509623700"
"2021/06/23","342867440","396359090","436709930","54279530","1230215990"
"2021/06/22","31135230","15504000","208650130","6965740","262255100"
"2021/06/21","104188650","173624720","339316650","22814590","639944610"
"2021/06/18","84377190","46646020","576753990","62986830","770764030"
"2021/06/17","94273170","104781890","228332710","8474270","435862040"
"2021/06/16","374410330","63935940","433066060","27466350","898878680"
"2021/06/15","423922120","399891120","482150170","57105370","1363068780"
"2021/06/14","709269040","311894350","198667610","21099630","1240930630"
"2021/06/11","1100915460","84490440","101226300","89395210","1376027410"
"2021/06/10","123449100","0","149674060","75094310","348217470"
"2021/06/09","279887140","250629830","561066830","59337020","1150920820"
"2021/06/08","248527000",,"285097760","8581130","542205890"
"2021/06/07","182369410","81324160","369833730","177564800","811092100"
"2021/06/04","237877700","0","341729260","124435160","704042120"
"2021/06/03","459450400","357596380","590509330","207093590","1614649700"
"2021/06/02","298221650","523970160","946091890","115290710","1883574410"
"2021/06/01","402359910","1342026490","1026666460","30517740","2801570600"
"2021/05/31","299513420","908806980","920365810","64884750","2193570960"
"2021/05/28","453052420","11164450","859923390","89402600","1413542860"
"2021/05/27","399480300","0","1393697620","31322340","1824500260"
"2021/05/26","352411490","0","351855870","53659490","757926850"
"2021/05/25","491462730","239200","482806520","12945480","987453930"
"2021/05/24","233061420","0","745367500","114402330","1092831250"
"2021/05/21","432991070","0","1048026580","13249350","1494267000"
"2021/05/20","69119070","59158120","948150680","59293350","1135721220"
"2021/05/18","278939470","0","525946170","6729770","811615410"
"2021/05/17","83700750","6168910","509219800","36974900","636064360"
"2021/05/14","235937680","42316330","835462310","69124040","1182840360"
"2021/05/13","563735700","0","1019248240","175047920","1758031860"
"2021/05/12","155987680","184532240","1119860710","214900380","1675281010"
"2021/05/11","244729590","547746920","966311620","87738990","1846527120"
"2021/05/10","1012475550","2478000","1014205020","45632230","2074790800"
"2021/05/07","755605180","25159080","398633920","128579790","1307977970"
"2021/05/06","1009470870","127047310","602335760","103119310","1841973250"
"2021/05/04","258479480","14775000","831782240","34586350","1139623070"
"2021/05/03","500558790","2910000","809490920","56631120","1369590830"
"2021/04/30","277589680","5705000","519124230","141801340","944220250"
"2021/04/29","367361850","64523010","410052890","145349500","987287250"
"2021/04/28","200974810","252030910","353911730","47839800","854757250"
"2021/04/27","493454130","2850000","283506990","51010590","830821710"
"2021/04/26","189282790","23641000","335564440","298805380","847293610"
"2021/04/23","287844420","43176470","564058120","68324150","963403160"
"2021/04/22","548943100","46489000","705151000","262335260","1562918360"
"2021/04/21","605859460","66050000","554957510","159363590","1386230560"
"2021/04/20","410849340","180888720","826209920","94776420","1512724400"
"2021/04/19","191483770","81100000","585572550","60693150","918849470"
"2021/04/16","544442350","682410","539996180","19862660","1104983600"
"2021/04/15","134830450","107496160","512532260","10666120","765524990"
"2021/04/14","251955460","59820000","207624280","9429790","528829530"
"2021/04/13","222417730","0","198345680","13845980","434609390"
"2021/04/12","262971380","154798400","142205910","1349940","561325630"
"2021/04/09","131914090","285163260","159431020","59522650","636031020"
"2021/04/08","49086840","391728080","466933550","133949270","1041697740"
"2021/04/07","150755650","81774000","632883880","139966030","1005379560"
"2021/04/06","309503470","214220730","498961120","60801160","1083486480"
"2021/04/05","173282380","176341890","750887560","82165100","1182676930"
"2021/04/02","152653710","197215950","626537720","61256710","1037664090"
"2021/04/01","265611070","339145700","1032800030","52102510","1689659310"
"2021/03/31","294714810","0","1310671100","34200510","1639586420"
"2021/03/30","129557610","152115180","464785260","83986910","830444960"
"2021/03/29","243314140","133589460","545327360","87219240","1009450200"
"2021/03/26","904674590","6372230","789904765","24812600","1725764185"
"2021/03/25","1235457645","0","203569180","145912880","1584939705"
"2021/03/24","318999385","0","182571515","98298130","599869030"
"2021/03/23","307516510","22812000","372708265","81613915","784650690"
"2021/03/22","1066611110","39961325","851319655","51146605","2009038695"
"2021/03/19","719237615","4925000","461512195","859829915","2045504725"
"2021/03/18","67557675","19560000","472252640","197208495","756578810"
"2021/03/17","382804425","10004250","542837235","57151220","992797130"
"2021/03/16","260452595","119894550","473231945","98333760","951912850"
"2021/03/15","228802565","24010000","218813110","22013280","493638955"
"2021/03/12","93370455","164534025","202568925","89266570","549739975"
"2021/03/11","84629270","0","80249895","44923465","209802630"
"2021/03/10","109651350","0","109833365","14170655","233655370"
"2021/03/09","182505180","30696060","109892410","49059220","372152870"
"2021/03/08","310913205","165720580","170988300","41547360","689169445"
"2021/03/05","270704295","0","55030375","60755340","386490010"
"2021/03/04","101055245","0","81548690","53124835","235728770"
"2021/03/03","25353030","0","48081975","81402650","154837655"
"2021/03/02","52349950","0","144102655","61290260","257742865"
"2021/02/26","202714635","28800000","318535390","29494645","579544670"
"2021/02/25","173138580","21600000","242620145","23575460","460934185"
"2021/02/24","127296620","0","178811420","27114600","333222640"
"2021/02/23","146361460","132345210","175719350","62632425","517058445"
"2021/02/22","274916390","9595000","266743200","5009535","556264125"
"2021/02/19","137879765","0","163996365","134065","302010195"
"2021/02/18","174965240","13553830","67896340","153280","256568690"
"2021/02/17","246627900","0","262558440","25738075","534924415"
"2021/02/16","247209495","11975000","166576355","2162885","427923735"
"2021/02/15","114315215","158243000","208977735","1582800","483118750"
"2021/02/10","124601180","0","107883290","4970890","237455360"
"2021/02/09","114619530","232458770","156390400","3386495","506855195"
"2021/02/08","78888450","316322280","81810865","22347715","499369310"
"2021/02/05","90081190","110700700","107288545","9942415","318012850"
"2021/02/04","127717105","38693300","136636720","2087040","305134165"
"2021/02/03","222658735","0","84360205","14754135","321773075"
"2021/02/02","400332210","45712610","111710375","7042495","564797690"
"2021/02/01","206498675","12766320","64076025","53967620","337308640"
"2021/01/29","137632640","0","278446670","6673330","422752640"
"2021/01/28","80187330","33915700","153290780","34907795","302301605"
"2021/01/27","243494475","57482500","154024640","17446470","472448085"
"2021/01/26","6600315","0","615016720","5552410","627169445"
"2021/01/25","227622525","50791375","63098070","15189695","356701665"
"2021/01/22","566808320","11987500","127787125","132265415","838848360"
"2021/01/21","245748805","23937500","345138545","13607035","628431885"
"2021/01/20","183616390","0","361383110","5906650","550906150"
"2021/01/19","551615115","0","75538865","8889820","636043800"
"2021/01/18","494393560","0","93078145","4784615","592256320"
"2021/01/15","343596510","0","153752170","47261740","544610420"
"2021/01/14","202703905","0","143712915","10273010","356689830"
"2021/01/13","162519285","477000000","268167645","61996225","969683155"
"2021/01/12","273049705","52580000","165851855","1416350","492897910"
"2021/01/11","238255155","328538485","392219365","4685410","963698415"
"2021/01/08","324745705","112800000","301408440","9188395","748142540"
"2021/01/07","678079165","0","185382225","113593660","977055050"
"2021/01/06","755030940","40830000","242495520","102681510","1141037970"
"2021/01/05","842488080","0","228941270","56720055","1128149405"
"2021/01/04","671099075","14385000","652738890","96086620","1434309585"
"2020/12/30","333294615","0","155448380","104449750","593192745"
"2020/12/29","82148190","36190175","118635965","64769585","301743915"
"2020/12/28","498660695","0","291006380","109158785","898825860"
"2020/12/24","408599670","192404810","434403360","58706275","1094114115"
"2020/12/23","402944850","3815660","111356635","60301320","578418465"
"2020/12/22","272674870","48150","166551935","29362935","468637890"
"2020/12/21","361938500","34722580","412997280","80393030","890051390"
"2020/12/18","985993160","9640000","41368830","75605935","1112607925"
"2020/12/17","246606520","0","47731180","28167270","322504970"
"2020/12/16","106900625","0","98957530","2736180","208594335"
"2020/12/15","603246615","85073770","144136630","17161405","849618420"
"2020/12/14","600979235","53735000","393183550","38582935","1086480720"
"2020/12/11","1834233345","194178880","1099032980","113769735","3241214940"
"2020/12/10","636240505","47850000","438710360","19737095","1142537960"
"2020/12/09","90054110","71725000","114967910","25351145","302098165"
"2020/12/08","140060505","823480","139725700","9633065","290242750"
"2020/12/07","342627165","78169750","413677495","10520650","844995060"
"2020/12/04","112615075","14335000","218841905","5160435","350952415"
"2020/12/03","178607065","34931165","81194865","25761905","320495000"
"2020/12/02","122152025","10077210","245145860","2224990","379600085"
"2020/12/01","1255579075","0","132179455","22252845","1410011375"
"2020/11/30","154099090","56761855","270348590","2336510","483546045"
"2020/11/27","430544995","58035000","1256577690","55238245","1800395930"
"2020/11/26","1664100300","0","281326105","139267890","2084694295"
"2020/11/25","1337001490","0","245971960","40797590","1623771040"
"2020/11/24","1055146375","0","124773660","95600380","1275520415"
"2020/11/23","868161860","0","363989840","36144220","1268295920"
"2020/11/20","159784700","0","138540140","53268990","351593830"
"2020/11/19","662439665","18419485","234654950","10126000","925640100"
"2020/11/18","499346830","0","43086675","25664925","568098430"
"2020/11/17","268853010","0","81382090","0","350235100"
"2020/11/16","430686330","0","125635295","25765570","582087195"
"2020/11/13","391506700","0","60659250","22436995","474602945"
"2020/11/12","589066040","0","49446265","6047630","644559935"
"2020/11/11","801146260","0","85979395","73933910","961059565"
"2020/11/10","589304865","0","55070645","66241145","710616655"
"2020/11/09","111962780","0","167409655","12969860","292342295"
"2020/11/06","462585430","0","94010215","15463870","572059515"
"2020/11/05","228005525","0","84151795","27243185","339400505"
"2020/11/04","438898035","0","56348890","2101575","497348500"
"2020/11/03","392414585","0","190728330","0","583142915"
"2020/11/02","634122355","0","121090970","25820980","781034305"
"2020/10/30","326425370","0","116538940","4016155","446980465"
"2020/10/29","392395230","0","137220780","3754400","533370410"
"2020/10/28","437411535","0","77346955","44403000","559161490"
"2020/10/27","531082955","0","180092330","61652835","772828120"
"2020/10/26","824679955","0","251258835","109037950","1184976740"
"2020/10/23","1324748375","0","198066775","42345990","1565161140"
"2020/10/22","1323679890","0","133312525","0","1456992415"
"2020/10/21","1077641105","0","27036060","22142965","1126820130"
"2020/10/20","364839705","0","157814585","76068405","598722695"
"2020/10/19","821255040","0","195150980","8909380","1025315400"
"2020/10/16","244124785","583200","199550320","0","444258305"
"2020/10/15","128657320","18738080","113380120","33423965","294199485"
"2020/10/14","443871355","134810320","229900150","29770840","838352665"
"2020/10/13","234074930","0","165097175","242000","399414105"
"2020/10/12","277342370","0","266618160","36532595","580493125"
"2020/10/08","640258125","0","255920990","0","896179115"
"2020/10/07","269972720","0","86656930","33055875","389685525"
"2020/10/06","373124820","478000","103819555","10036570","487458945"
"2020/10/05","655499400","0","178977195","39936045","874412640"
"2020/09/29","98535845","83286380","125748135","14116295","321686655"
"2020/09/28","370262415","0","237726555","15187545","623176515"
"2020/09/25","328371105","0","225735410","41066490","595173005"
"2020/09/24","300338770","0","336957145","470500","637766415"
"2020/09/23","138214090","0","181332855","24845665","344392610"
"2020/09/22","101665010","0","342759220","24868975","469293205"
"2020/09/21","317673310","129132780","510548705","45806225","1003161020"
"2020/09/18","407166750","49783860","214970925","10058000","681979535"
"2020/09/17","532907315","0","279814405","59988785","872710505"
"2020/09/16","469203370","0","310500325","0","779703695"
"2020/09/15","371688875","0","214173170","0","585862045"
"2020/09/14","309998370","0","271449765","11306060","592754195"
"2020/09/11","587781360","0","318120785","49703135","955605280"
"2020/09/10","251211090","0","337080965","0","588292055"
"2020/09/09","62833775","0","547438115","6820730","617092620"
"2020/09/08","353788305","0","398420050","13348000","765556355"
"2020/09/07","710442165","0","708691360","0","1419133525"
"2020/09/04","735623065","234500","668054370","19757825","1423669760"
"2020/09/03","1285269025","0","668830930","82167645","2036267600"
"2020/09/02","332932815","0","755306755","260570375","1348809945"
"2020/09/01","900151985","0","1175959050","437329270","2513440305"
"2020/08/31","8258816295","4795000","3970750070","1384438765","13618800130"