일자,기관 합계,기타법인,개인,외국인 합계,전체
"2023/05/04","300524480","0","135452750","521759940","957737170"
"2023/05/03","114670035","1173150","110267485","47909285","274019955"
"2023/05/02","62591750","0","82500745","126566965","271659460"
"2023/04/28","42569390","0","165648925","54034295","262252610"
"2023/04/27","205000295","0","237171115","37341960","479513370"
"2023/04/26","139643100","10056180","93297575","114339325","357336180"
"2023/04/25","230028480","36977750","401753350","189696375","858455955"
"2023/04/24","176348280","0","419762315","352550695","948661290"
"2023/04/21","329302900","524585","638157140","115641830","1083626455"
"2023/04/20","222647435","499500","503893545","416588900","1143629380"
"2023/04/19","184239405","25922000","251381505","155639450","617182360"
"2023/04/18","145349600","19920000","193269580","587880090","946419270"
"2023/04/17","200900770","3489500","253486715","248534940","706411925"
"2023/04/14","422648450","503080","324541355","488499550","1236192435"
"2023/04/13","82003860","2912420","344402520","116026450","545345250"
"2023/04/12","158197995","24894920","213303695","144027850","540424460"
"2023/04/11","162501500","605240","139753270","184981040","487841050"
"2023/04/10","115290295","7981230","297866700","110892575","532030800"
"2023/04/07","73180810","34505","176679935","70341675","320236925"
"2023/04/06","323625025","0","231654890","330133305","885413220"
"2023/04/05","220717745","19660","341648030","50855935","613241370"
"2023/04/04","120505310","9726380","345069065","331818440","807119195"
"2023/04/03","96215650","493250","425504535","160670520","682883955"
"2023/03/31","149440800","1489500","276882930","191081660","618894890"
"2023/03/30","54132400","555030","228492335","3921035","287100800"
"2023/03/29","103732170","0","157784040","119074300","380590510"
"2023/03/28","350849680","58776450","129587440","359902120","899115690"
"2023/03/27","520093550","0","135207295","215542905","870843750"
"2023/03/24","60154040","4949825","235799315","21940680","322843860"
"2023/03/23","79931610","26982795","226025780","20745125","353685310"
"2023/03/22","203762310","230545","168827190","85066505","457886550"
"2023/03/21","81558630","44570320","191798300","77622230","395549480"
"2023/03/20","114992260","32338760","419582595","2245840","569159455"
"2023/03/17","80997855","1494620","301989845","382543535","767025855"
"2023/03/16","34328425","4980000","205872205","96770650","341951280"
"2023/03/15","175029325","31500000","269757285","25577460","501864070"
"2023/03/14","68959130","15250000","377568550","99614080","561391760"
"2023/03/13","57762710","16133310","261209090","116590140","451695250"
"2023/03/10","94804280","0","240674700","78882890","414361870"
"2023/03/09","51715620","25541970","126214320","520210","203992120"
"2023/03/08","147989350","0","219220310","1217310","368426970"
"2023/03/07","194866930","30960","202457850","18195210","415550950"
"2023/03/06","136016940","518110","146052070","4949240","287536360"
"2023/03/03","48171480","27108770","102510600","59039460","236830310"
"2023/03/02","121545090","26670960","143792290","13448260","305456600"
"2023/02/28","115096620","2572120","71625110","117153500","306447350"
"2023/02/27","101269430","975460","280916750","15454110","398615750"
"2023/02/24","243464230","257500","170641500","390703860","805067090"
"2023/02/23","62185850","53645900","185143120","173302080","474276950"
"2023/02/22","60878700","52829290","271425200","40836410","425969600"
"2023/02/21","86658680","163980","336137580","62579390","485539630"
"2023/02/20","39987840","521000","224122070","11942990","276573900"
"2023/02/17","18192800","0","236841000","45568120","300601920"
"2023/02/16","47367030","161610","260229170","186400820","494158630"
"2023/02/15","91300750","21061880","205075930","25284110","342722670"
"2023/02/14","61705470","1219470","310329100","12269150","385523190"
"2023/02/13","78520540","5786300","317551460","24941970","426800270"
"2023/02/10","142885330","0","303443220","125696790","572025340"
"2023/02/09","104754360","2660000","184261270","78407160","370082790"
"2023/02/08","265236960","0","312417650","53654640","631309250"
"2023/02/07","213456140","193120030","164446410","72442040","643464620"
"2023/02/06","209818330","10770","117836310","295744590","623410000"
"2023/02/03","463719130","81167910","384282940","453929220","1383099200"
"2023/02/02","277114750","1544490","178630710","307313240","764603190"
"2023/02/01","80363310","125160","291444950","33368540","405301960"
"2023/01/31","192416250","3810040","787532310","39880670","1023639270"
"2023/01/30","119733600","337580","415898520","61674600","597644300"
"2023/01/27","132137970","1725880","218923210","75472860","428259920"
"2023/01/26","209974460","0","181155280","191206870","582336610"
"2023/01/25","180112090","220240","236803380","267675420","684811130"
"2023/01/20","333903530","0","173858990","167931090","675693610"
"2023/01/19","381595170","22093860","102984680","62965280","569638990"
"2023/01/18","163717950","31960","324966180","112851750","601567840"
"2023/01/17","379704340","0","148862900","43472340","572039580"
"2023/01/16","354757870","0","220698330","110275170","685731370"
"2023/01/13","142918010","0","138052460","149905600","430876070"
"2023/01/12","115646470","265500","102992610","141442070","360346650"
"2023/01/11","159746080","0","212838590","17621400","390206070"
"2023/01/10","170788800","0","142644030","184215520","497648350"
"2023/01/09","372520580","714700","222238530","492079590","1087553400"
"2023/01/06","406907140","0","65376790","315211850","787495780"
"2023/01/05","114637140","0","132779300","970757340","1218173780"
"2023/01/04","105243290","267500","222238820","375410280","703159890"
"2023/01/03","208287500","80330","118848950","392562500","719779280"
"2023/01/02","371013350","538660","234460130","94786650","700798790"
"2022/12/29","431205700","0","107211310","1169548720","1707965730"
"2022/12/28","230040380","3321120","132184240","318612900","684158640"
"2022/12/27","359573270","864050","242089330","161149300","763675950"
"2022/12/26","172415560","0","211250580","345503290","729169430"
"2022/12/23","759574650","270000","190761150","634423410","1585029210"
"2022/12/22","584906960","0","179104100","1291976540","2055987600"
"2022/12/21","488573570","0","154946220","581163300","1224683090"
"2022/12/20","260868110","539270","93396560","799590360","1154394300"
"2022/12/19","243615280","1057000","282055650","908332480","1435060410"
"2022/12/16","470999880","1073000","1051463860","24506300300","26029837040"
"2022/12/15","436128570","0","99498250","2353142060","2888768880"
"2022/12/14","471119890","0","115386500","1811752990","2398259380"
"2022/12/13","85711580","0","150395410","629976700","866083690"
"2022/12/12","320218500","518000","250700020","808690390","1380126910"
"2022/12/09","168031330","51700","272134300","1541756750","1981974080"
"2022/12/08","254120230","3962610","381548670","2134829380","2774460890"
"2022/12/07","305932020","0","172104810","1439153230","1917190060"
"2022/12/06","467657670","255000","857384590","2629293785","3954591045"
"2022/12/05","270257240","1995375","1515414520","6139687925","7927355060"
"2022/12/02","230915115","7252860","429362160","19762765","687292900"
"2022/12/01","660180585","169061345","358818305","166557000","1354617235"
"2022/11/30","339299265","7366360","360164060","345305065","1052134750"
"2022/11/29","165664940","1010900","184026580","57423395","408125815"
"2022/11/28","115791855","2207940","322195340","83808275","524003410"
"2022/11/25","220112365","1605695","398862015","247337160","867917235"
"2022/11/24","211312240","15427775","461367715","76069860","764177590"
"2022/11/23","114918230","1816500","287916075","29093470","433744275"
"2022/11/22","98825545","989280","289223830","33840100","422878755"
"2022/11/21","148958795","478900","344570425","34841080","528849200"
"2022/11/18","151208820","1501425","307312135","37202715","497225095"
"2022/11/17","155861190","33604445","184350440","119227770","493043845"
"2022/11/16","161295590","2190750","304353015","63017205","530856560"
"2022/11/15","184425595","5652380","514380605","31572595","736031175"
"2022/11/14","398297765","10983875","481810285","42860890","933952815"
"2022/11/11","757658220","962535","530577490","772955190","2062153435"
"2022/11/10","303189510","28516765","276578230","204250110","812534615"
"2022/11/09","148783370","0","505045285","31179425","685008080"
"2022/11/08","389551760","36183940","414135605","144160445","984031750"
"2022/11/07","279004245","260685380","310848775","136682865","987221265"
"2022/11/04","334916560","14681650","342286325","59676680","751561215"
"2022/11/03","306395250","449000","300055960","40151780","647051990"
"2022/11/02","345608995","1366500","244257680","38492095","629725270"
"2022/11/01","319688300","3868965","246382255","253098950","823038470"
"2022/10/31","210589225","192761605","271803280","44289040","719443150"
"2022/10/28","204263840","348942330","138301415","59941155","751448740"
"2022/10/27","297727280","4561220","270972850","71616510","644877860"
"2022/10/26","220860300","11032080","219723620","62397570","514013570"
"2022/10/25","304035795","165760","228267770","31987770","564457095"
"2022/10/24","274199125","17615","216734345","15215630","506166715"
"2022/10/21","503053045","32040775","318347390","71084215","924525425"
"2022/10/20","416501350","16627365","853851065","103209945","1390189725"
"2022/10/19","960623165","955500","242367415","158355470","1362301550"
"2022/10/18","2342374570","15650565","336069390","142508500","2836603025"
"2022/10/17","1584602370","46559980","230440780","198537370","2060140500"
"2022/10/14","469991115","18581620","985882705","181524295","1655979735"
"2022/10/13","324963910","17308800","746523060","618731550","1707527320"
"2022/10/12","182326575","17699600","459949780","31256010","691231965"
"2022/10/11","249593170","45962490","650797120","66871180","1013223960"
"2022/10/07","322726650","0","171143450","109012450","602882550"
"2022/10/06","217851365","1994000","608339115","180698900","1008883380"
"2022/10/05","222844185","34428455","445075815","287614310","989962765"
"2022/10/04","267425020","1059440","646904405","216050245","1131439110"
"2022/09/30","196029490","5539010","539858050","58583160","800009710"
"2022/09/29","231239650","5115180","359278330","47871510","643504670"
"2022/09/28","357256160","16672240","755875810","18059020","1147863230"
"2022/09/27","302237260","516000","545335240","55554260","903642760"
"2022/09/26","536559530","16074040","797004770","32443320","1382081660"
"2022/09/23","196311780","220503320","315554480","886186100","1618555680"
"2022/09/22","296154740","221861560","415531410","70039180","1003586890"
"2022/09/21","212609710","47066790","144254390","101020280","504951170"
"2022/09/20","224886540","120670420","271680840","143537220","760775020"
"2022/09/19","210982730","139279720","195703980","146039620","692006050"
"2022/09/16","221306430","18965050","477098510","16079236020","16796606010"
"2022/09/15","278716650","0","236383710","863065340","1378165700"
"2022/09/14","686027480","7553180","703778210","655082890","2052441760"
"2022/09/13","314854160","0","419858350","563105660","1297818170"
"2022/09/08","311482280","0","412099830","814323640","1537905750"
"2022/09/07","220130620","27355470","473384680","914423160","1635293930"
"2022/09/06","472167090","156632890","939474580","1058110250","2626384810"
"2022/09/05","222383070","28210","440665210","1018353360","1681429850"
"2022/09/02","659620670","3587500","576615790","923887120","2163711080"
"2022/09/01","845211170","1130000","528266300","633520600","2008128070"
"2022/08/31","107066870","9731840","751151270","685923110","1553873090"
"2022/08/30","276031220","56880750","564234880","491932810","1389079660"
"2022/08/29","630517520","163136240","2101491150","1125132270","4020277180"
"2022/08/26","2154933730","49550530","1536073900","2500133020","6240691180"
"2022/08/25","830293290","76936950","930173600","1744142390","3581546230"
"2022/08/24","1894429210","110060000","2263130120","2530709160","6798328490"
"2022/08/23","660023530","61859690","559462620","1506255590","2787601430"
"2022/08/22","101561030","22944150","568163930","2402317230","3094986340"
"2022/08/19","149627570","55205550","337007240","106286350","648126710"
"2022/08/18","114435010","0","230521630","59465750","404422390"
"2022/08/17","112949530","85626900","422321550","9536710","630434690"
"2022/08/16","141795160","1026630","494985290","156848290","794655370"
"2022/08/12","325505290","822000","325014440","153276710","804618440"
"2022/08/11","270532420","23818500","512280570","85998200","892629690"
"2022/08/10","242295810","274500","241064020","131670010","615304340"
"2022/08/09","254891510","273500","357605230","101308650","714078890"
"2022/08/08","115037730","1788900","453184780","24628180","594639590"
"2022/08/05","228582320","114927390","754146420","26315610","1123971740"
"2022/08/04","379066730","0","770600870","249410130","1399077730"
"2022/08/03","343893550","43637790","577505570","80375700","1045412610"
"2022/08/02","334336240","2792750","812728630","138305260","1288162880"
"2022/08/01","625593590","65757740","1132401340","33900020","1857652690"
"2022/07/29","317064870","2395500","811874720","241627040","1372962130"
"2022/07/28","321502010","88504510","434413960","132171110","976591590"
"2022/07/27","563973310","100823950","397007590","249892460","1311697310"
"2022/07/26","524714070","106590140","682555450","269283290","1583142950"
"2022/07/25","666340920","31828900","812819670","121573530","1632563020"
"2022/07/22","746747360","75758440","791253610","915103700","2528863110"
"2022/07/21","1383781750","159884450","1729238560","1205252120","4478156880"
"2022/07/20","1578808320","60081390","3336621390","497011500","5472522600"
"2022/07/19","767814180","31403800","530660230","370445750","1700323960"
"2022/07/18","616276030","27291500","438955020","226779130","1309301680"
"2022/07/15","360387340","27892440","470597640","193478320","1052355740"
"2022/07/14","355209370","6190500","393956210","72743680","828099760"
"2022/07/13","998897720","28400","107406650","178201590","1284534360"
"2022/07/12","403069600","36121800","251692490","86316810","777200700"
"2022/07/11","488207460","1167170","139579930","77044090","705998650"
"2022/07/08","443722140","74490","261819670","95807700","801424000"
"2022/07/07","618474820","0","443332290","221128430","1282935540"
"2022/07/06","2748593440","11170000","335707780","144806950","3240278170"
"2022/07/05","1253084150","28889750","691931300","1086491360","3060396560"
"2022/07/04","877047980","60731800","1728835360","1054129280","3720744420"
"2022/07/01","1766651410","33758640","912355090","1600138310","4312903450"
"2022/06/30","693802060","54692170","1801064040","877434440","3426992710"
"2022/06/29","569791470","48206340","365196370","131235570","1114429750"
"2022/06/28","1293400540","66002710","453070260","414783470","2227256980"
"2022/06/27","913956190","61846730","732818590","341251980","2049873490"
"2022/06/24","657892010","91732640","446854620","294553910","1491033180"
"2022/06/23","614345530","74498350","1675707070","828357840","3192908790"
"2022/06/22","1190102310","21521040","1477156710","466333680","3155113740"
"2022/06/21","494575350","605000","855752880","778702120","2129635350"
"2022/06/20","1266060020","16474000","1032790630","452683340","2768007990"
"2022/06/17","854792920","3961000","360936670","70885610","1290576200"
"2022/06/16","298701230","134000","432454080","137438550","868727860"
"2022/06/15","403351350","15475640","589762950","13406880","1021996820"
"2022/06/14","1112392010","31198650","601958730","448311830","2193861220"
"2022/06/13","993636780","280330","654195230","49465390","1697577730"
"2022/06/10","732084220","347100","663725170","10381850","1406538340"
"2022/06/09","279003760","21000","317114390","4308280","600447430"
"2022/06/08","400079990","0","680053200","70320100","1150453290"
"2022/06/07","553397390","278600","314769050","42145670","910590710"
"2022/06/03","644067100","46161550","692555480","28427000","1411211130"
"2022/06/02","657056720","290370","434652220","203883020","1295882330"
"2022/05/31","1457676100","210190","1280396240","2573928190","5312210720"
"2022/05/30","1522379780","0","1611647290","308010150","3442037220"
"2022/05/27","992143510","449480","401001410","334363400","1727957800"
"2022/05/26","1265236270","108600","460071630","272613700","1998030200"
"2022/05/25","888422040","29459560","319389630","506408660","1743679890"
"2022/05/24","710115230","35550","186710460","371985080","1268846320"
"2022/05/23","520662530","1422080","129398570","313831650","965314830"
"2022/05/20","345534050","0","259807800","657487870","1262829720"
"2022/05/19","226350530","0","312677220","196908430","735936180"
"2022/05/18","584069640","2717920","253374790","514916960","1355079310"
"2022/05/17","288265360","69250","282042410","521182050","1091559070"
"2022/05/16","455994930","0","281265430","964837280","1702097640"
"2022/05/13","342204350","62070","352683540","762778780","1457728740"
"2022/05/12","532060060","10591600","252958010","319792120","1115401790"
"2022/05/11","565448970","0","290771670","196461750","1052682390"
"2022/05/10","1600462660","23535000","1541252510","628084020","3793334190"
"2022/05/09","286128740","449100","290238170","72830560","649646570"
"2022/05/06","385378590","6990","340554140","362843450","1088783170"
"2022/05/04","575679500","20875400","936671820","631271470","2164498190"
"2022/05/03","1175097240","210300","733459180","434177460","2342944180"
"2022/05/02","1274079880","7517200","526982740","270161680","2078741500"
"2022/04/29","1235414400","22972100","714844330","228624110","2201854940"
"2022/04/28","1803983050","7864050","2256205320","424979570","4493031990"
"2022/04/27","1306773910","67828790","1878706450","378647910","3631957060"
"2022/04/26","1293303010","0","873600220","325410060","2492313290"
"2022/04/25","994354690","0","693426510","179418490","1867199690"
"2022/04/22","1004372040","48375900","373472130","92428600","1518648670"
"2022/04/21","1223878540","20000160","348076650","168186890","1760142240"
"2022/04/20","1281356370","0","353205640","158429310","1792991320"
"2022/04/19","1403609060","124181300","504592940","233083520","2265466820"
"2022/04/18","2353519760","12353040","1144655870","504608680","4015137350"
"2022/04/15","1593178580","0","1227768420","895952780","3716899780"
"2022/04/14","1551325370","0","407666930","125625380","2084617680"
"2022/04/13","2230060870","0","955332810","213480750","3398874430"
"2022/04/12","1360866260","35684000","1047932730","626088130","3070571120"
"2022/04/11","1489650450","0","565207440","474236640","2529094530"
"2022/04/08","1634639230","257400","328842210","257289390","2221028230"
"2022/04/07","1349414960","5225860","554736830","279779640","2189157290"
"2022/04/06","1621014240","9936220","517152310","134819000","2282921770"
"2022/04/05","1345543730","9431600","710269180","240616830","2305861340"
"2022/04/04","1056640050","8629200","685467310","182068440","1932805000"
"2022/04/01","1007626250","12848550","178373520","45286690","1244135010"
"2022/03/31","1037200650","13211650","564341980","230738210","1845492490"
"2022/03/30","989056320","9176590","788853960","22529500","1809616370"
"2022/03/29","1063849020","13596260","791957050","186203760","2055606090"
"2022/03/28","878746060","32655480","576184550","37432870","1525018960"
"2022/03/25","538719440","79188130","854812130","22333180","1495052880"
"2022/03/24","872774970","33823100","428629730","50217840","1385445640"
"2022/03/23","668855570","34526390","726166690","45270670","1474819320"
"2022/03/22","1017622280","573300","586955250","379484880","1984635710"
"2022/03/21","641003430","4765500","430110870","529536340","1605416140"
"2022/03/18","701657210","2681200","904546310","3188605930","4797490650"
"2022/03/17","892207960","2998420","547294670","540923990","1983425040"
"2022/03/16","972231360","34404980","972706250","809735700","2789078290"
"2022/03/15","716252450","6784540","700258670","584190530","2007486190"
"2022/03/14","1422515110","13052660","2284556370","387581690","4107705830"
"2022/03/11","2059177160","28700690","503432700","401071350","2992381900"
"2022/03/10","885860100","5400110","428758970","294566220","1614585400"
"2022/03/08","559344320","4121640","899969930","394983140","1858419030"
"2022/03/07","410308190","17379740","534368970","301265750","1263322650"
"2022/03/04","514535640","10140840","318825040","178151980","1021653500"
"2022/03/03","924652230","374100","173132260","118865360","1217023950"
"2022/03/02","884107750","6509400","853156830","45033280","1788807260"
"2022/02/28","428023470","12556440","292876460","1274760","734731130"
"2022/02/25","680652910","378510","337030670","64850610","1082912700"
"2022/02/24","397644020","3459600","313093450","5554040","719751110"
"2022/02/23","660849130","180066920","298103530","5804630","1144824210"
"2022/02/22","232900950","523820680","268063200","10275510","1035060340"
"2022/02/21","315118290","239095420","262962570","23364430","840540710"
"2022/02/18","247471220","12338400","417431590","21836100","699077310"
"2022/02/17","377482120","31140960","372903260","32519570","814045910"
"2022/02/16","497045590","8852900","290886890","3355020","800140400"
"2022/02/15","612484550","68080","308539810","142302550","1063394990"
"2022/02/14","581460820","61800","208250500","43369140","833142260"
"2022/02/11","377849010","61600","199079950","4915910","581906470"
"2022/02/10","620101570","61400","291243810","554400","911961180"
"2022/02/09","769828060","24661700","298406610","18828540","1111724910"
"2022/02/08","562115990","61700","469473100","5580160","1037230950"
"2022/02/07","634732630","67950","352625300","1230080","988655960"
"2022/02/04","546308000","9712800","545821650","56530940","1158373390"
"2022/02/03","812357690","6150900","266098400","331822330","1416429320"
"2022/01/28","560680380","162655130","501992450","58190420","1283518380"
"2022/01/27","1106391350","201362340","717381220","74567000","2099701910"
"2022/01/26","616122110","60900","166398730","95092820","877674560"
"2022/01/25","686161160","277860900","335420590","45832970","1345275620"
"2022/01/24","443451620","188191000","436487160","4449970","1072579750"
"2022/01/21","431580580","67011000","245483280","34415270","778490130"
"2022/01/20","224609900","108234200","231923380","7903220","572670700"
"2022/01/19","302341370","158501000","308051690","19109690","788003750"
"2022/01/18","483018160","167502240","221332330","152572270","1024425000"
"2022/01/17","262946890","201090000","348191100","14320630","826548620"
"2022/01/14","691081320","73550400","276149020","50965770","1091746510"
"2022/01/13","477820970","82159700","327751380","2671020","890403070"
"2022/01/12","533239770","81620800","380774270","38390720","1034025560"
"2022/01/11","452044800","122360500","570870270","22635180","1167910750"
"2022/01/10","905777530","306000","614563930","26164690","1546812150"
"2022/01/07","872232260","0","400527910","266785660","1539545830"
"2022/01/06","715044290","162322850","449713280","21697790","1348778210"
"2022/01/05","924051800","194778920","245714450","66814830","1431360000"
"2022/01/04","1011315020","398238190","405963320","22859220","1838375750"
"2022/01/03","1020389920","30900","522286660","184658890","1727366370"
"2021/12/30","293741750","0","232242160","32743020","558726930"
"2021/12/29","406947010","3025000","579169010","193391240","1182532260"
"2021/12/28","244406760","50010160","843462750","12436060","1150315730"
"2021/12/27","309601810","52829640","644373450","8781510","1015586410"
"2021/12/24","448865080","112391950","831894110","75880650","1469031790"
"2021/12/23","715680150","10224460","596053030","53352390","1375310030"
"2021/12/22","742552570","47013400","941821680","268423890","1999811540"
"2021/12/21","9578085510","24360000","2031988810","821428000","12455862320"
"2021/12/20","8139565940","47200000","2058096280","1737594450","11982456670"
"2021/12/17","1253087720","97939000","713722460","62849670","2127598850"
"2021/12/16","1103062460","47794000","378495270","198280980","1727632710"
"2021/12/15","884584370","97675000","585467020","72308590","1640034980"
"2021/12/14","1460600600","72513900","2800173520","296603860","4629891880"
"2021/12/13","722552600","12000000","612037310","29607240","1376197150"
"2021/12/10","360821670","63049600","1014479190","255392610","1693743070"
"2021/12/09","404895190","153190000","816780890","13046400","1387912480"
"2021/12/08","262092250","209828540","720687630","66160050","1258768470"
"2021/12/07","325502440","94393670","540605870","28895750","989397730"
"2021/12/06","375691020","282743370","683817070","99091590","1441343050"
"2021/12/03","417893710","285299500","1917192550","109380190","2729765950"
"2021/12/02","436584480","227426250","2084050770","261390520","3009452020"
"2021/12/01","313849620","61445930","833393680","105454310","1314143540"
"2021/11/30","849478740","242137920","1483133620","198514670","2773264950"
"2021/11/29","1277091920","89979530","1035472340","242232240","2644776030"
"2021/11/26","538375290","184525540","1415557670","116503690","2254962190"
"2021/11/25","389869690","13446000","813003040","15672950","1231991680"
"2021/11/24","897772820","36780000","650933440","68913280","1654399540"
"2021/11/23","574256240","22625560","796548770","49138750","1442569320"
"2021/11/22","420976170","61500","801375520","126861310","1349274500"
"2021/11/19","542894830","79920000","1018090880","121211730","1762117440"
"2021/11/18","377378520","62619000","1239953420","20690270","1700641210"
"2021/11/17","669248490","99591780","891172900","12191590","1672204760"
"2021/11/16","689643830","75529000","757614870","32952030","1555739730"
"2021/11/15","779161570","56560000","688511460","16238540","1540471570"
"2021/11/12","455430090","15730000","1039921700","112661040","1623742830"
"2021/11/11","778430190","0","648208330","21781160","1448419680"
"2021/11/10","698603740","71905440","910273110","2622430","1683404720"
"2021/11/09","859683670","18720000","801839710","40262610","1720505990"
"2021/11/08","405318860","48800000","1210693960","105477870","1770290690"
"2021/11/05","434370450","152296800","974091750","12978290","1573737290"
"2021/11/04","582202270","137741000","2379719480","127417890","3227080640"
"2021/11/03","1248862340","74813150","3367323970","118563190","4809562650"
"2021/11/02","1020507620","95056380","1982030520","18141910","3115736430"
"2021/11/01","1721733740","96881850","2277764940","2354290","4098734820"
"2021/10/29","809920490","34074220","1390673010","104467510","2339135230"
"2021/10/28","489786110","97707200","2022951500","17692190","2628137000"
"2021/10/27","638588910","107597400","2101574210","51360240","2899120760"
"2021/10/26","822498210","10965000","1437263940","157277230","2428004380"
"2021/10/25","1415540710","31015000","2513582330","158253970","4118392010"
"2021/10/22","1265103710","14572270","5403825860","8936930","6692438770"
"2021/10/21","959432050","7870380","5066304070","68519000","6102125500"
"2021/10/20","1015207190","12014600","9863948010","124062160","11015231960"
"2021/10/19","1838456570","23069000","6991590500","767490770","9620606840"
"2021/10/18","1015636980","18877000","3561282510","122832020","4718628510"
"2021/10/15","833408240","38148000","2569382340","370237850","3811176430"
"2021/10/14","2752719890","68225100","8664572640","56879360","11542396990"
"2021/10/13","1871358000","27277720","3826378090","307236380","6032250190"
"2021/10/12","1217315070","433178500","3530998040","212920690","5394412300"
"2021/10/08","1405191560","417788880","3360033490","90307470","5273321400"
"2021/10/07","1389788350","177385230","1933336680","218116540","3718626800"
"2021/10/06","902838410","290836380","3467515420","428997140","5090187350"
"2021/10/05","2387810960","254167390","4311125800","426818220","7379922370"
"2021/10/01","1860580400","594007210","3914319850","473991830","6842899290"
"2021/09/30","848470090","439604200","3308272700","2897740","4599244730"
"2021/09/29","1668489400","669993770","5462133880","115214510","7915831560"
"2021/09/28","3006733320","1252268100","7181280450","187337000","11627618870"
"2021/09/27","6836129330","676583510","12795537110","203106950","20511356900"
"2021/09/24","2421293870","121733050","4399664830","64341690","7007033440"
"2021/09/23","2239698560","38785650","5929224000","173642010","8381350220"
"2021/09/17","3675435720","491808250","13260398180","674864800","18102506950"
"2021/09/16","4670400270","1146985360","11812829630","85037190","17715252450"
"2021/09/15","6519261410","2944185260","49705624670","603585920","59772657260"
"2021/09/14","13454827850","2552919590","465051247900","2951069190","484010064530"