일자,기관 합계,기타법인,개인,외국인 합계,전체
"2023/05/04","124963325","3688260","293842415","196316190","618810190"
"2023/05/03","194875270","7366545","194901145","74382925","471525885"
"2023/05/02","56993920","14547660","285019195","109716080","466276855"
"2023/04/28","178977480","10770000","262227355","155127195","607102030"
"2023/04/27","213656405","24018400","439179100","37060220","713914125"
"2023/04/26","143272195","4382505","279198215","94203345","521056260"
"2023/04/25","228064510","23387500","550323550","133934020","935709580"
"2023/04/24","137203005","37711980","696900855","111469500","983285340"
"2023/04/21","266405655","48393515","814575245","56741565","1186115980"
"2023/04/20","180199225","3168700","383847545","391996835","959212305"
"2023/04/19","236740740","1543300","459636695","35545430","733466165"
"2023/04/18","167130040","26806575","301986235","539858995","1035781845"
"2023/04/17","198191870","12787130","691007670","92827450","994814120"
"2023/04/14","158732615","26239830","346625430","386856035","918453910"
"2023/04/13","73136340","2870125","329988275","363419120","769413860"
"2023/04/12","96735665","7250","230107420","238738290","565588625"
"2023/04/11","209434315","32885395","425628245","127402415","795350370"
"2023/04/10","177798690","141967905","554070335","31695635","905532565"
"2023/04/07","76656070","1105060","324206955","29235410","431203495"
"2023/04/06","164521780","31703655","474464620","43625765","714315820"
"2023/04/05","192184285","23395065","615407620","92134375","923121345"
"2023/04/04","167498300","1099500","330558365","73630480","572786645"
"2023/04/03","62184580","12043400","289785795","144476655","508490430"
"2023/03/31","346231960","15438200","326889330","261104480","949663970"
"2023/03/30","44004870","8925780","269006255","271419580","593356485"
"2023/03/29","171351900","3507550","296622280","8170295","479652025"
"2023/03/28","57580565","6362475","201912970","28038210","293894220"
"2023/03/27","116226045","15415030","840592370","30322185","1002555630"
"2023/03/24","66593710","2556450","344603010","20856445","434609615"
"2023/03/23","119847140","4256250","486950335","31473680","642527405"
"2023/03/22","135755685","300040","178768720","44083985","358908430"
"2023/03/21","104038370","11250","66712970","9958045","180720635"
"2023/03/20","42734070","1860000","134081175","60796895","239472140"
"2023/03/17","262439545","8098440","785708920","41147650","1097394555"
"2023/03/16","55548890","9025000","295865315","42363100","402802305"
"2023/03/15","130019780","6245930","79892115","17929225","234087050"
"2023/03/14","95751530","6102450","477076570","19376165","598306715"
"2023/03/13","57308985","28967310","298283215","116077560","500637070"
"2023/03/10","106201725","15491500","255465370","74910730","452069325"
"2023/03/09","62393140","16249110","139622035","85932080","304196365"
"2023/03/08","96024395","24111900","109976585","170855370","400968250"
"2023/03/07","124961330","7955","168004860","175685170","468659315"
"2023/03/06","126158065","0","204165095","147857870","478181030"
"2023/03/03","104802030","28784235","138055310","98013520","369655095"
"2023/03/02","77810275","28000845","218135355","167231470","491177945"
"2023/02/28","127746835","18322190","191517800","267582885","605169710"
"2023/02/27","117248070","1407775","167200130","332180445","618036420"
"2023/02/24","276476660","11381590","236823070","253436025","778117345"
"2023/02/23","76450880","24675380","337595280","45200505","483922045"
"2023/02/22","83637735","51260480","548343005","204728270","887969490"
"2023/02/21","110504980","3141610","474029695","21294825","608971110"
"2023/02/20","96722245","10854975","486663915","31848570","626089705"
"2023/02/17","98952385","12066495","338987140","14015510","464021530"
"2023/02/16","65293390","1078715","265714115","62407630","394493850"
"2023/02/15","189194815","10841580","389694085","28390485","618120965"
"2023/02/14","79712380","19016140","282036625","10279235","391044380"
"2023/02/13","182995220","12469965","716949745","33811455","946226385"
"2023/02/10","221041085","26845310","1166286080","127826255","1541998730"
"2023/02/09","95458250","11369335","286944060","2567245","396338890"
"2023/02/08","127083500","16250","179564150","18194770","324858670"
"2023/02/07","214925805","2645140","447423935","14569795","679564675"
"2023/02/06","324309835","3568190","360859980","25321825","714059830"
"2023/02/03","301466715","144124890","624082790","387142070","1456816465"
"2023/02/02","381932385","4288075","422836755","173184980","982242195"
"2023/02/01","336615525","9960745","978178905","79219600","1403974775"
"2023/01/31","267556310","0","131195080","5410497965","5809249355"
"2023/01/30","318343125","38992515","537326740","97851215","992513595"
"2023/01/27","302744940","5744840","569698430","148547360","1026735570"
"2023/01/26","298895680","13812525","815669905","4443675","1132821785"
"2023/01/25","284704740","19104000","494802770","5778705","804390215"
"2023/01/20","591130935","39303530","554842465","62729355","1248006285"
"2023/01/19","485081125","41801865","315627820","86868265","929379075"
"2023/01/18","462152285","21685875","323551545","332279875","1139669580"
"2023/01/17","490023540","30075205","269497100","105379710","894975555"
"2023/01/16","716336800","7652710","455810340","577439600","1757239450"
"2023/01/13","158552900","7496550","240704660","116203905","522958015"
"2023/01/12","267203495","63486660","275086160","577053765","1182830080"
"2023/01/11","296152190","17860650","151998425","43057435","509068700"
"2023/01/10","362100860","5536550","102324805","6763240","476725455"
"2023/01/09","269590625","4149090","159290845","67395030","500425590"
"2023/01/06","416571475","8090","172953495","80794565","670327625"
"2023/01/05","416592555","2558655","173791945","493188910","1086132065"
"2023/01/04","146605920","28021210","185540380","27137865","387305375"
"2023/01/03","421580130","23281225","1093932815","113226790","1652020960"
"2023/01/02","141788215","1087985","132472045","6623615","281971860"
"2022/12/29","270245990","709695","225774260","153885910","650615855"
"2022/12/28","554647150","15143070","1035268505","64581990","1669640715"
"2022/12/27","486494700","4192620","284231385","92352940","867271645"
"2022/12/26","357156955","16690800","113228385","82101845","569177985"
"2022/12/23","319141500","16680","178405945","65298670","562862795"
"2022/12/22","585104465","66246610","149270955","74509820","875131850"
"2022/12/21","187366900","12614210","72567260","48752500","321300870"
"2022/12/20","118585395","6378835","479459910","3973660","608397800"
"2022/12/19","117829510","2057840","245947375","3736475","369571200"
"2022/12/16","281525100","6228015","560665890","122153270","970572275"
"2022/12/15","728948095","4152455","229767955","15761140","978629645"
"2022/12/14","510727910","4040","187519190","452984020","1151235160"
"2022/12/13","202124610","411560","207114355","37960650","447611175"
"2022/12/12","195082140","2040615","189093545","55203260","441419560"
"2022/12/09","242721645","10067650","131793190","2124955","386707440"
"2022/12/08","182215690","385040","169335325","62990575","414926630"
"2022/12/07","92388255","108098585","192337800","68653950","461478590"
"2022/12/06","107368665","10372665","182366005","20395025","320502360"
"2022/12/05","106555615","12739125","219593415","18861500","357749655"
"2022/12/02","56141570","1584000","348246625","102115550","508087745"
"2022/12/01","162114435","0","726096780","339229455","1227440670"
"2022/11/30","79477715","7850000","859784010","236125040","1183236765"
"2022/11/29","274697615","10347100","376047205","76052990","737144910"
"2022/11/28","114316000","10967370","547575155","151269705","824128230"
"2022/11/25","136781425","1164000","302574165","67730420","508250010"
"2022/11/24","86999810","8849200","250633245","29054155","375536410"
"2022/11/23","91876490","0","257867620","76407880","426151990"
"2022/11/22","58326235","0","213533605","40354780","312214620"
"2022/11/21","219918770","0","441070075","50253885","711242730"
"2022/11/18","297959210","0","273504825","145930485","717394520"
"2022/11/17","41016260","0","523533440","43538125","608087825"
"2022/11/16","64319210","30456540","451449415","259779405","806004570"
"2022/11/15","91831490","304000","432020415","22098230","546254135"
"2022/11/14","291300135","0","1131836065","253015895","1676152095"
"2022/11/11","127174375","3650000","1059336860","314699960","1504861195"
"2022/11/10","97093625","7090000","358292120","13021725","475497470"
"2022/11/09","134070135","1050985","607389230","80537180","823047530"
"2022/11/08","28902455","0","379376565","55304320","463583340"
"2022/11/07","56208240","107806155","405490360","218597480","788102235"
"2022/11/04","197331680","77159320","1655222480","410646055","2340359535"
"2022/11/03","156731005","8541875","1518840875","185840490","1869954245"
"2022/11/02","117887105","15284890","1119154400","281444555","1533770950"
"2022/11/01","311817980","18724215","681734410","469450335","1481726940"
"2022/10/31","229000720","9360420","1387215955","430699145","2056276240"
"2022/10/28","134924270","5464255","692721870","197631345","1030741740"
"2022/10/27","325354990","7607440","1112466420","945724340","2391153190"
"2022/10/26","341676865","17227110","779224120","191416030","1329544125"
"2022/10/25","400973855","7185","1494488585","207602470","2103072095"
"2022/10/24","425996680","34998400","1131884450","518365745","2111245275"
"2022/10/21","224272635","17031450","1396977705","876121345","2514403135"
"2022/10/20","139895185","819890","2261695755","568001755","2970412585"
"2022/10/19","217444480","7718550","1967512315","947606635","3140281980"
"2022/10/18","137453920","4354840","1485560160","390315500","2017684420"
"2022/10/17","326100585","8400000","1009411235","85251980","1429163800"
"2022/10/14","238306610","24122785","1127858225","335054615","1725342235"
"2022/10/13","367138310","7736330","597304430","204666990","1176846060"
"2022/10/12","724430920","5911495","370139195","625442235","1725923845"
"2022/10/11","775865380","26625665","298113670","397811475","1498416190"
"2022/10/07","18645840","24389530","112658175","574705030","730398575"
"2022/10/06","85174580","48940000","135396685","462846100","732357365"
"2022/10/05","217203145","49974000","126193335","514801610","908172090"
"2022/10/04","281714955","1141920","136764995","844621665","1264243535"
"2022/09/30","392504185","20887070","294083710","790096615","1497571580"
"2022/09/29","465373860","97116370","330059225","46128035","938677490"
"2022/09/28","407318745","194371450","572399200","71995785","1246085180"
"2022/09/27","453138785","2465000","331502145","34081975","821187905"
"2022/09/26","309641935","199542325","461069595","434642515","1404896370"
"2022/09/23","360477290","5537900","445104695","128562840","939682725"
"2022/09/22","109830235","1503995","285615890","108622665","505572785"
"2022/09/21","393438700","33508350","342997410","25776710","795721170"
"2022/09/20","42766110","74919020","348308890","61003230","526997250"
"2022/09/19","341403700","171250680","190061730","215216860","917932970"
"2022/09/16","40569400","352100","110544760","3731928100","3883394360"
"2022/09/15","25587120","0","80749090","490342090","596678300"
"2022/09/14","253723830","6435520","557891730","423044965","1241096045"
"2022/09/13","230329100","10030","195200600","588252030","1013791760"
"2022/09/08","91702595","3025020","196245315","425905960","716878890"
"2022/09/07","170852135","21078905","844415955","329442400","1365789395"
"2022/09/06","196732510","23897590","312585480","110326150","643541730"
"2022/09/05","320148340","16096000","501763250","55930620","893938210"
"2022/09/02","99546330","9064800","624494100","395075690","1128180920"
"2022/09/01","124395040","4581280","209300200","275367820","613644340"
"2022/08/31","87955910","50993600","180192840","477162760","796305110"
"2022/08/30","100710020","5060","335230020","90765650","526710750"
"2022/08/29","252531630","44290650","639179120","182149780","1118151180"
"2022/08/26","224742780","57301280","407489030","93965280","783498370"
"2022/08/25","221368090","11112000","484060550","121106780","837647420"
"2022/08/24","104448800","206731890","480042450","5531500","796754640"
"2022/08/23","434613790","91599200","585272180","88956000","1200441170"
"2022/08/22","305592710","51000000","315787210","224028200","896408120"
"2022/08/19","294813890","50905110","474588730","375100600","1195408330"
"2022/08/18","267131490","60950000","393570460","122013960","843665910"
"2022/08/17","503236590","76310190","379162040","118955990","1077664810"
"2022/08/16","413221830","10022850","722093070","272398700","1417736450"
"2022/08/12","271447880","2024000","648647010","351646150","1273765040"
"2022/08/11","322313500","3725870","400436770","918588890","1645065030"
"2022/08/10","188893730","1509000","640036010","359928470","1190367210"
"2022/08/09","337715740","24266040","784151190","689169380","1835302350"
"2022/08/08","126091090","353500","557395250","337798540","1021638380"
"2022/08/05","417191770","0","325156670","227464470","969812910"
"2022/08/04","592950970","12113100","672075210","560547168","1837686448"
"2022/08/03","443851350","86694160","450250800","294171520","1274967830"
"2022/08/02","313363510","1524100","460796940","333474890","1109159440"
"2022/08/01","608999850","23335910","458165630","302367240","1392868630"
"2022/07/29","426202170","5533000","735991590","313997320","1481724080"
"2022/07/28","203578155","1000750","1042089375","44723420","1291391700"
"2022/07/27","241745900","7065000","839566550","199377980","1287755430"
"2022/07/26","159504620","30569820","424515810","1827477130","2442067380"
"2022/07/25","172177820","11018500","1691299355","362993340","2237489015"
"2022/07/22","290775840","11815470","312769440","117622710","732983460"
"2022/07/21","190896590","49926410","759123430","256360250","1256306680"
"2022/07/20","148595460","15714000","639145210","317597540","1121052210"
"2022/07/19","70699810","3024000","291274460","247507180","612505450"
"2022/07/18","161935990","66774480","669181220","81539850","979431540"
"2022/07/15","69978810","19201000","495549910","514017920","1098747640"
"2022/07/14","123755450","15717820","488612770","84443180","712529220"
"2022/07/13","98774270","10660960","219423650","227742730","556601610"
"2022/07/12","106229040","27268100","143429860","290398380","567325380"
"2022/07/11","69908960","51103320","348058870","85959950","555031100"
"2022/07/08","117515010","25729470","322642900","107856170","573743550"
"2022/07/07","168036770","28310000","344162920","40600120","581109810"
"2022/07/06","115760710","1241300","56204710","474242530","647449250"
"2022/07/05","381156990","542000","145858530","705363680","1232921200"
"2022/07/04","210849730","59248110","312929730","727112580","1310140150"
"2022/07/01","646551620","21996880","359468540","244000800","1272017840"
"2022/06/30","254984240","13600850","454557430","802949630","1526092150"
"2022/06/29","137543530","70824510","464547560","417797600","1090713200"
"2022/06/28","777527590","85546650","602547690","831673880","2297295810"
"2022/06/27","436439060","82251140","320807930","314301890","1153800020"
"2022/06/24","666829660","76236090","443803010","49321620","1236190380"
"2022/06/23","567838840","96434600","585377130","429044840","1678695410"
"2022/06/22","763740810","1845480","663444780","286907940","1715939010"
"2022/06/21","480074570","30519960","782805370","340370220","1633770120"
"2022/06/20","544250130","63446480","738215550","339063520","1684975680"
"2022/06/17","1121680980","721925940","1811786600","27160781350","30816174870"
"2022/06/16","90749740","174413850","388759170","2869058740","3522981500"
"2022/06/15","145736660","311495980","383377480","1904999040","2745609160"
"2022/06/14","916018960","1210000","514339050","1781384330","3212952340"
"2022/06/13","709538680","349342450","383327770","2038826400","3481035300"
"2022/06/10","538485720","864453270","296931040","1166883170","2866753200"
"2022/06/09","371223630","462005000","336957220","1299220500","2469406350"
"2022/06/08","762591330","160497130","429929050","1887480040","3240497550"
"2022/06/07","667616280","103687480","591030220","2532922460","3895256440"
"2022/06/03","932454540","60800000","116075180","1099193030","2208522750"
"2022/06/02","861047030","0","823384640","4975401830","6659833500"
"2022/05/31","1304672660","2990000","324103150","2002070240","3633836050"
"2022/05/30","845337220","12054740","287926920","595496990","1740815870"
"2022/05/27","965186360","5990","254953020","1035767810","2255913180"
"2022/05/26","801368300","208428060","476177310","1649475330","3135449000"
"2022/05/25","1075063840","59824470","171356820","734557360","2040802490"
"2022/05/24","506010110","122060","132442670","99484280","738059120"
"2022/05/23","452057780","5829050","82511310","122589810","662987950"
"2022/05/20","686079060","11563700","35858700","254323260","987824720"
"2022/05/19","536151060","28800","280014590","30533440","846727890"
"2022/05/18","547082900","1425460","78104540","340504160","967117060"
"2022/05/17","850541490","11620000","311766000","60360190","1234287680"
"2022/05/16","844635500","11663910","237964530","42237670","1136501610"
"2022/05/13","497870190","109540","241356470","165953310","905289510"
"2022/05/12","902489730","5791620","282937470","180010050","1371228870"
"2022/05/11","643163880","5800000","146193450","597377510","1392534840"
"2022/05/10","509330440","11976730","529766970","424030360","1475104500"
"2022/05/09","574775250","5585360","293024580","62091100","935476290"
"2022/05/06","418251540","17795000","748423070","85978330","1270447940"
"2022/05/04","879574630","18000720","557086080","395505860","1850167290"
"2022/05/03","884439480","38499740","1011704090","144365070","2079008380"
"2022/05/02","1040434930","0","292688710","163603650","1496727290"
"2022/04/29","1050575600","5920","268028950","175886430","1494496900"
"2022/04/28","1583888860","882000","644266710","127402800","2356440370"
"2022/04/27","1893798300","19737130","536712180","244939730","2695187340"
"2022/04/26","1540501790","2995000","469282220","72629920","2085408930"
"2022/04/25","1748103320","19512860","1108976880","351060390","3227653450"
"2022/04/22","2285705050","2955000","597086770","718479370","3604226190"
"2022/04/21","1452260990","59135360","350951440","182980080","2045327870"
"2022/04/20","1261516320","0","191850020","80705460","1534071800"
"2022/04/19","1265461020","1004500","424316770","122617180","1813399470"
"2022/04/18","1595553530","22453960","776857460","194767860","2589632810"
"2022/04/15","2213040740","19529000","1548155620","1061061100","4841786460"
"2022/04/14","2031090500","0","286118800","376931180","2694140480"
"2022/04/13","1754503900","0","404933030","183613960","2343050890"
"2022/04/12","1141066180","115400000","423769850","477992460","2158228490"
"2022/04/11","1232712330","0","368561930","396047940","1997322200"
"2022/04/08","1186184170","26003400","357950190","385806100","1955943860"
"2022/04/07","1029613500","17044140","495150910","424282430","1966090980"
"2022/04/06","1905333130","45144120","944024580","569286690","3463788520"
"2022/04/05","1823338500","22315480","588354680","492169010","2926177670"
"2022/04/04","752024130","37411280","711863790","159540540","1660839740"
"2022/04/01","907715340","16894560","449231260","163450450","1537291610"
"2022/03/31","928118670","12555530","730128070","302706260","1973508530"
"2022/03/30","699279590","18449880","305992410","85204630","1108926510"
"2022/03/29","764489060","15124020","619579350","40096560","1439288990"
"2022/03/28","690106710","52491630","275130640","37226300","1054955280"
"2022/03/25","519380270","41830520","184744720","324834430","1070789940"
"2022/03/24","573213870","11676850","259426990","602484000","1446801710"
"2022/03/23","609448550","69363700","478358270","2677180","1159847700"
"2022/03/22","591113910","0","133183780","324116310","1048414000"
"2022/03/21","539986980","3553080","166125320","124811300","834476680"
"2022/03/18","903536150","46056130","899373200","208929580","2057895060"
"2022/03/17","715594600","88124420","363614440","237560060","1404893520"
"2022/03/16","586022860","44678780","139328030","38754810","808784480"
"2022/03/15","561409470","6225590","477341280","75746900","1120723240"
"2022/03/14","634302600","9507680","251855010","174276660","1069941950"
"2022/03/11","1233457920","45201560","335735020","202646050","1817040550"
"2022/03/10","1044842840","9463240","237133830","57961920","1349401830"
"2022/03/08","1081670100","24638000","300171140","87241760","1493721000"
"2022/03/07","827867340","8177870","281737590","61640800","1179423600"
"2022/03/04","919850750","13975300","461064010","525795630","1920685690"
"2022/03/03","995979620","110800","147333280","136313270","1279736970"
"2022/03/02","848148610","27277200","117774510","111934830","1105135150"
"2022/02/28","606649100","1301020","420854920","230324960","1259130000"
"2022/02/25","1129123200","0","133630340","72448250","1335201790"
"2022/02/24","1369459280","0","154286840","153537420","1677283540"
"2022/02/23","526877050","1259200","179535630","3153490","710825370"
"2022/02/22","640081430","9995140","147179500","26249990","823506060"
"2022/02/21","495459860","55000","136021640","40427330","671963830"
"2022/02/18","759820800","109800","327322610","2062880","1089316090"
"2022/02/17","578017220","3482440","315990640","67809310","965299610"
"2022/02/16","537841860","0","169065410","107920","707015190"
"2022/02/15","394770070","3163850","220640080","20026360","638600360"
"2022/02/14","563143260","58347460","243401720","41549460","906441900"
"2022/02/11","390730920","39657660","468439460","119810860","1018638900"
"2022/02/10","725968980","88772800","176694040","122946110","1114381930"
"2022/02/09","426555410","43354000","487429630","58792730","1016131770"
"2022/02/08","449666740","47060930","441626220","291419600","1229773490"
"2022/02/07","762800730","119008180","574061180","370757150","1826627240"
"2022/02/04","396079670","27075980","323426460","260513680","1007095790"
"2022/02/03","768663750","36483850","491981570","171476350","1468605520"
"2022/01/28","254448340","12298000","578219350","47493000","892458690"
"2022/01/27","627215150","41320000","750378410","19382500","1438296060"
"2022/01/26","451933490","24942000","269382200","66734570","812992260"
"2022/01/25","513844430","52845430","1134554040","28908930","1730152830"
"2022/01/24","457101210","16378000","642631550","70645030","1186755790"
"2022/01/21","493769470","15840000","591486260","52605820","1153701550"
"2022/01/20","295543350","77016810","513399440","85621960","971581560"
"2022/01/19","448664810","53666320","679929650","26229130","1208489910"
"2022/01/18","322553240","53690000","210483140","17001200","603727580"
"2022/01/17","747319120","232047100","440175810","58450650","1477992680"
"2022/01/14","518427420","22159000","696564270","162649390","1399800080"
"2022/01/13","386622120","19090880","399223230","107959230","912895460"
"2022/01/12","430167520","73063920","917355110","39378710","1459965260"
"2022/01/11","599432070","5476440","235610600","56609850","897128960"
"2022/01/10","340624270","10930000","466671310","76185990","894411570"
"2022/01/07","317932750","0","257422670","171900950","747256370"
"2022/01/06","595901930","35497280","390753740","54057540","1076210490"
"2022/01/05","770637900","16683500","465893520","105122090","1358337010"
"2022/01/04","929661030","218220210","928614680","6981760","2083477680"
"2022/01/03","527594580","221727360","393687760","29350810","1172360510"
"2021/12/30","585642130","5550","294350190","71409580","951407450"
"2021/12/29","238863930","26054900","1395180370","265237070","1925336270"
"2021/12/28","985355580","0","1151826260","778296790","2915478630"
"2021/12/27","577489940","203050000","724534530","144194130","1649268600"
"2021/12/24","562884890","2041680","468605010","72973860","1106505440"
"2021/12/23","511173500","29205490","531253480","12148630","1083781100"
"2021/12/22","548062990","20322190","529270290","48530400","1146185870"
"2021/12/21","917753160","5570","625304780","110482960","1653546470"
"2021/12/20","754577500","0","409873480","383335440","1547786420"
"2021/12/17","387542310","11140000","702872490","18535790","1120090590"
"2021/12/16","485973810","0","357770110","57807910","901551830"
"2021/12/15","216780860","0","324724660","37842840","579348360"
"2021/12/14","179824810","0","1178358620","77065600","1435249030"
"2021/12/13","266761730","559000","292782740","575606280","1135709750"
"2021/12/10","196129920","105415120","469326370","23859960","794731370"
"2021/12/09","434165380","111355560","1077083340","17112670","1639716950"
"2021/12/08","574782820","5625590","496076080","80513640","1156998130"
"2021/12/07","216929190","230441860","519615590","94547420","1061534060"
"2021/12/06","783485690","40060500","909627330","255079800","1988253320"
"2021/12/03","758425490","166415470","352951190","107949220","1385741370"
"2021/12/02","855322530","2800000","202367440","87687650","1148177620"
"2021/12/01","1311859570","10945580","468279610","237833650","2028918410"
"2021/11/30","1715284200","67600540","3324348930","155770160","5263003830"
"2021/11/29","840351950","34137000","882582820","203842340","1960914110"
"2021/11/26","328071840","143419430","620686650","4431590","1096609510"
"2021/11/25","183042450","45269980","949764050","49839930","1227916410"
"2021/11/24","313241680","55393890","371292770","27530660","767459000"
"2021/11/23","348778770","12457540","316164030","187230","677587570"
"2021/11/22","455114380","0","386531510","14448630","856094520"
"2021/11/19","709697580","0","324850750","43321060","1077869390"
"2021/11/18","741901030","0","1043576740","202395150","1987872920"
"2021/11/17","943201260","0","819044910","67943350","1830189520"
"2021/11/16","399158070","114000","1225538050","18733400","1643543520"
"2021/11/15","246060330","5650","833676910","21919060","1101661950"
"2021/11/12","696142070","84010","401503890","84274680","1182004650"
"2021/11/11","917696110","5630","439353950","43786640","1400842330"
"2021/11/10","857339700","5870660","466575670","27166530","1356952560"
"2021/11/09","719608210","0","258351330","84328050","1062287590"
"2021/11/08","387138190","109770920","758293490","109073780","1364276380"
"2021/11/05","401126090","285600","441164360","30035560","872611610"
"2021/11/04","745442280","618430","481734230","46780330","1274575270"
"2021/11/03","707696030","6440000","603550200","63527840","1381214070"
"2021/11/02","1077406450","165680560","821511090","33653120","2098251220"
"2021/11/01","1069103530","25080000","387402820","103637130","1585223480"
"2021/10/29","831210490","2918200","763975340","408546020","2006650050"
"2021/10/28","559730040","16344980","380733920","22596090","979405030"
"2021/10/27","640670960","38734500","705130850","20520040","1405056350"
"2021/10/26","513001650","22162400","851867500","2569520","1389601070"
"2021/10/25","401207060","5720","546370260","61621350","1009204390"
"2021/10/22","630988520","2176440","613763790","80945790","1327874540"
"2021/10/21","1019700350","51729870","1010377980","116007410","2197815610"
"2021/10/20","1206032270","113400000","1622365080","518044730","3459842080"
"2021/10/19","684603800","16204000","622884440","97342610","1421034850"
"2021/10/18","432193100","2216000","507250040","24705880","966365020"
"2021/10/15","619995920","35418000","998310600","236654970","1890379490"
"2021/10/14","661791040","0","671541130","107358370","1440690540"
"2021/10/13","362500390","139020580","465966720","110654660","1078142350"
"2021/10/12","554917290","10117220","916015140","58144650","1539194300"
"2021/10/08","1112704300","212120","1091391800","83465900","2287774120"
"2021/10/07","865245650","43818200","648533510","247962300","1805559660"
"2021/10/06","1023142830","77284000","880132930","257744720","2238304480"
"2021/10/05","754786410","66689600","1304123270","192702630","2318301910"
"2021/10/01","1031853630","32513950","999989260","71255290","2135612130"
"2021/09/30","910801100","63007400","490624060","147773450","1612206010"
"2021/09/29","1091149860","63575490","1208840290","199633940","2563199580"
"2021/09/28","843839070","74419510","734295760","28544140","1681098480"
"2021/09/27","589216220","107592500","1110651920","107444090","1914904730"
"2021/09/24","415931920","5575500","958816800","31760680","1412084900"
"2021/09/23","662603820","5520000","714835660","248273220","1631232700"
"2021/09/17","430721280","23943900","707487810","380662900","1542815890"
"2021/09/16","484826890","21573530","1075261060","73909760","1655571240"
"2021/09/15","475458330","15197540","931621770","75456090","1497733730"
"2021/09/14","285728920","42642900","747349200","65750990","1141472010"
"2021/09/13","474234740","6205620","863678700","78472530","1422591590"
"2021/09/10","526354650","28487000","1011075340","381016110","1946933100"
"2021/09/09","699636140","156981190","767311720","794332450","2418261500"
"2021/09/08","814666540","65286000","2689670860","274106670","3843730070"
"2021/09/07","603461540","76355000","1220885560","260974860","2161676960"
"2021/09/06","576644080","174546400","853200050","35199580","1639590110"
"2021/09/03","333332420","24867370","1569893220","156655780","2084748790"
"2021/09/02","1271826240","79813140","6132200320","305711940","7789551640"
"2021/09/01","763861900","795360","1445380550","540840010","2750877820"
"2021/08/31","576677380","572000","1652533260","333242420","2563025060"
"2021/08/30","256221710","1809750","1034751450","448922590","1741705500"
"2021/08/27","817588700","81180","830366570","312127290","1960163740"
"2021/08/26","313535040","295800","1271421180","85885380","1671137400"
"2021/08/25","497348770","75140","518606290","247892200","1263922400"
"2021/08/24","767618930","76676780","693482160","234592890","1772370760"
"2021/08/23","709497280","117737930","1274704470","1143153390","3245093070"
"2021/08/20","1181726470","22990000","1521499440","1225989860","3952205770"
"2021/08/19","933838440","42167600","1595124730","778089150","3349219920"
"2021/08/18","1158520900","39930000","1464538820","1095614340","3758604060"
"2021/08/17","1232624390","103907200","2192793110","417679080","3947003780"
"2021/08/13","845153860","23915800","1679161970","808197560","3356429190"
"2021/08/12","413333780","0","711776880","90337790","1215448450"
"2021/08/11","606141520","0","1549756260","273698550","2429596330"
"2021/08/10","462712440","0","916397830","452517940","1831628210"
"2021/08/09","395390660","0","790943600","184957150","1371291410"
"2021/08/06","710582190","5912500","764883550","235943250","1717321490"
"2021/08/05","762247600","582000","892889100","193847860","1849566560"
"2021/08/04","365757780","9938000","2373391220","155054030","2904141030"
"2021/08/03","240284390","587000","969724670","130399190","1340995250"
"2021/08/02","254541550","583110","851813080","39860140","1146797880"
"2021/07/30","676577350","0","951801740","147129790","1775508880"
"2021/07/29","314985030","64361290","990187100","95697810","1465231230"
"2021/07/28","177693300","592000","907051420","467755940","1553092660"
"2021/07/27","252024990","0","1308437770","129047750","1689510510"
"2021/07/26","297282230","3066000","939622380","309920130","1549890740"
"2021/07/23","766448690","0","624763590","45433360","1436645640"
"2021/07/22","1653142050","140213540","2589916500","428297380","4811569470"
"2021/07/21","438222660","2940000","810411080","564469210","1816042950"
"2021/07/20","339712720","35114400","1387836080","512150170","2274813370"
"2021/07/19","360391900","5900","1069927870","290267000","1720592670"
"2021/07/16","487403030","0","1158428640","1807045800","3452877470"
"2021/07/15","1206521730","271756910","3307885840","376423550","5162588030"
"2021/07/14","376241700","17558000","1411451200","159859450","1965110350"
"2021/07/13","528378620","0","648773180","204286430","1381438230"
"2021/07/12","804742370","61490000","1272273130","407860140","2546365640"
"2021/07/09","1573505290","10912000","2510792790","768516960","4863727040"
"2021/07/08","1048394770","25002770","1961548940","688436270","3723382750"
"2021/07/07","763403620","26369910","647750290","642017500","2079541320"
"2021/07/06","793640010","33500450","688385310","806675750","2322201520"
"2021/07/05","567578440","48764000","836988290","1778034800","3231365530"
"2021/07/02","607200400","0","1197472620","1682864260","3487537280"
"2021/07/01","847432660","24696800","1488737350","769729720","3130596530"
"2021/06/30","1532720410","71416530","2832899760","176639970","4613676670"
"2021/06/29","683522830","63325560","3252513530","135104690","4134466610"
"2021/06/28","1212271540","109018080","2951746690","506142470","4779178780"
"2021/06/25","645757220","9786000","2557633240","52348460","3265524920"
"2021/06/24","738085260","3030000","1532164390","163862240","2437141890"
"2021/06/23","1321872550","50987000","1936000660","62187730","3371047940"
"2021/06/22","508865790","50497150","1637148810","568040700","2764552450"
"2021/06/21","675626190","75098000","2741423230","3608600","3495756020"
"2021/06/18","1315752640","270321130","2324522110","561459610","4472055490"
"2021/06/17","647339400","122321110","2976585410","124952320","3871198240"
"2021/06/16","1011400700","135661850","2042259500","178192540","3367514590"
"2021/06/15","3472676500","90329050","3050051280","540634020","7153690850"
"2021/06/14","666173630","93819710","3222330250","61726210","4044049800"
"2021/06/11","2018423970","406685080","2856918430","145331230","5427358710"
"2021/06/10","1185012370","74842580","2241120010","118197800","3619172760"
"2021/06/09","1626260100","117901810","3757905210","742799610","6244866730"
"2021/06/08","934897520","178973480","2512998550","110630530","3737500080"
"2021/06/07","1036948760","161270680","3036157360","186707360","4421084160"
"2021/06/04","1311243320","211206120","4900590050","659106130","7082145620"
"2021/06/03","2560115050","70751160","9002896410","955573780","12589336400"
"2021/06/02","2124031360","654525260","6256744640","1516027310","10551328570"
"2021/06/01","2305942040","1208095910","3251236680","726227760","7491502390"
"2021/05/31","1207727430","270979610","5895571490","505550680","7879829210"
"2021/05/28","1252008900","312593860","5803288960","1246321280","8614213000"
"2021/05/27","820778340","92571320","1670278160","1720859430","4304487250"
"2021/05/26","373605150","88505100","1058569960","168000","1520848210"
"2021/05/25","627790390","11180000","922695540","5081310","1566747240"
"2021/05/24","867635360","5757700","724159690","14511790","1612064540"
"2021/05/21","453112130","0","1276939730","97306840","1827358700"
"2021/05/20","263782630","557000","880282410","206534040","1351156080"
"2021/05/18","539059280","13787140","1244645740","182574760","1980066920"
"2021/05/17","462452290","13890000","1126179730","171185760","1773707780"
"2021/05/14","1149793900","103636000","1656154710","128556070","3038140680"
"2021/05/13","782541930","3962800","2315277870","96080900","3197863500"
"2021/05/12","1736607030","0","2522256510","718469340","4977332880"
"2021/05/11","1129911830","20671350","1437997850","197335000","2785916030"
"2021/05/10","1304133350","14020900","2138527400","132683840","3589365490"
"2021/05/07","862016440","81197600","1742106780","188070160","2873390980"
"2021/05/06","803801770","3992660","2101856920","590383160","3500034510"
"2021/05/04","978921910","20001600","1640237750","64324340","2703485600"
"2021/05/03","1062390960","627750","1968290750","331709410","3363018870"
"2021/04/30","1085768770","34156370","931517910","286734740","2338177790"
"2021/04/29","1050974120","2974890","1151362710","73663620","2278975340"
"2021/04/28","1219937970","13834680","1693449500","50954850","2978177000"
"2021/04/27","858420880","66623360","2028530900","465604490","3419179630"
"2021/04/26","1269031460","102220","1562138530","17242450","2848514660"
"2021/04/23","774390290","0","1065714620","36549660","1876654570"
"2021/04/22","1174683240","8397260","1325673000","42692550","2551446050"
"2021/04/21","929396640","7004000","2164346730","18490200","3119237570"
"2021/04/20","1052675340","102790","2130240820","687626830","3870645780"
"2021/04/19","1796404850","117540","1616633160","8370390","3421525940"
"2021/04/16","722824800","200605950","1220752310","7235060","2151418120"
"2021/04/15","1015537150","19849930","1525732830","321290","2561441200"
"2021/04/14","643000960","20186380","1221037100","1160290","1885384730"
"2021/04/13","817944050","27984480","1517990600","24475300","2388394430"
"2021/04/12","770532870","20084000","1219166880","92109870","2101893620"
"2021/04/09","411977650","20056160","1105886430","11302940","1549223180"
"2021/04/08","670571030","21003560","2679749570","439237010","3810561170"
"2021/04/07","646437730","20412300","1164193660","212349930","2043393620"
"2021/04/06","742232480","82047740","1060862040","109874880","1995017140"
"2021/04/05","427039160","36510000","1539160330","209691560","2212401050"
"2021/04/02","881913990","43923960","1099220080","35695460","2060753490"
"2021/04/01","1272402630","255191440","848539700","232851530","2608985300"
"2021/03/31","610730460","71310000","1237885760","389977970","2309904190"
"2021/03/30","1420919740","145593300","1264500160","158235930","2989249130"
"2021/03/29","1794289350","91951800","2078402050","1369011650","5333654850"
"2021/03/26","1597008230","204313510","3118983190","1859602740","6779907670"
"2021/03/25","950020560","49946700","726175090","542269870","2268412220"
"2021/03/24","581116850","119463000","2737553650","1871198220","5309331720"
"2021/03/23","526585830","0","388476240","473673900","1388735970"
"2021/03/22","274736910","3048000","866526430","363770790","1508082130"
"2021/03/19","447427610","67095000","1366024900","1790376300","3670923810"
"2021/03/18","90461000","214884680","1160224410","1108306160","2573876250"
"2021/03/17","277666560","74842000","800383530","89990530","1242882620"
"2021/03/16","349512770","2540000","950419090","103249960","1405721820"
"2021/03/15","323818780","0","1149081455","383554020","1856454255"
"2021/03/12","110421525","10049520","1111709665","38744290","1270925000"
"2021/03/11","228659360","0","922885465","55200905","1206745730"
"2021/03/10","140936850","25251995","647545055","132948090","946681990"
"2021/03/09","202883340","36776245","1454214735","139376655","1833250975"
"2021/03/08","256388985","49400000","1695147430","462355400","2463291815"
"2021/03/05","302669540","16634280","1458502805","652823670","2430630295"
"2021/03/04","174528855","4461150","2872488850","91949780","3143428635"
"2021/03/03","196063105","23830825","1985545735","220215380","2425655045"
"2021/03/02","267218330","79622370","1695192260","85218720","2127251680"
"2021/02/26","279117125","24865000","1210878120","336514640","1851374885"
"2021/02/25","102592405","16011770","1018581540","60390005","1197575720"
"2021/02/24","71572095","20738500","1299952515","282366845","1674629955"
"2021/02/23","296509590","37780890","1236309600","166949320","1737549400"
"2021/02/22","227657990","66002000","1952449670","76560770","2322670430"
"2021/02/19","379874640","61010000","2572475000","76511830","3089871470"
"2021/02/18","192766840","26573590","3616397840","2709128470","6544866740"
"2021/02/17","206838590","53993000","2798646750","2134678780","5194157120"
"2021/02/16","328738610","5433520","885781490","511956320","1731909940"
"2021/02/15","479865670","52936520","1208069900","903031970","2643904060"
"2021/02/10","509272340","1777500","1359260540","74085570","1944395950"
"2021/02/09","221348720","1789500","1259983860","72860450","1555982530"
"2021/02/08","463323190","0","1193768630","141847450","1798939270"
"2021/02/05","57086730","0","680273260","63480780","800840770"
"2021/02/04","181578410","12872350","1414554140","169691750","1778696650"
"2021/02/03","239145140","35520000","1532154730","339687370","2146507240"
"2021/02/02","328250290","505000","1857327190","152407210","2338489690"
"2021/02/01","191880250","20816600","1842549190","132621910","2187867950"
"2021/01/29","267143000","2045160","1390526720","739308380","2399023260"
"2021/01/28","202496900","1023130","1549417200","406850930","2159788160"
"2021/01/27","209158160","429040000","1294334530","381448850","2313981540"
"2021/01/26","551255660","3844000","4161764470","325336670","5042200800"
"2021/01/25","330895950","53510740","3947931880","1427060520","5759399090"
"2021/01/22","310018900","15575180","1717597280","369368340","2412559700"
"2021/01/21","54837540","260911790","1361100640","365311800","2042161770"
"2021/01/20","238094540","141171480","1371262140","18510390","1769038550"
"2021/01/19","100751710","84532750","3126590120","177858660","3489733240"
"2021/01/18","160849850","2721550","2860629180","75929900","3100130480"
"2021/01/15","58040290","5481500","2503035580","49959890","2616517260"
"2021/01/14","304032920","52400","2111120540","579183180","2994389040"
"2021/01/13","203089360","3154000","1831523890","400345640","2438112890"
"2021/01/12","273130790","3085800","1624150450","127868530","2028235570"
"2021/01/11","437569820","32293430","3906202530","444001730","4820067510"
"2021/01/08","40512670","6463000","2445045490","393607470","2885628630"
"2021/01/07","148112350","32533580","2761441900","58611720","3000699550"
"2021/01/06","205381470","6133210","5790522730","746756570","6748793980"
"2021/01/05","499090500","119427060","5670529010","2105090500","8394137070"
"2021/01/04","66849720","3203000","1263188720","2069732630","3402974070"
"2020/12/30","64637390","49470760","2248463840","591086950","2953658940"
"2020/12/29","253840230","13835000","2125700660","791237500","3184613390"
"2020/12/28","321523590","0","3135499010","170533860","3627556460"
"2020/12/24","355537760","0","1416690010","25376260","1797604030"
"2020/12/23","285633210","8115000","1451517220","411401260","2156666690"
"2020/12/22","34233010","108400000","1545702070","352518860","2040853940"
"2020/12/21","196680820","0","1433928450","328238270","1958847540"
"2020/12/18","70027520","0","1140113930","1898983000","3109124450"
"2020/12/17","302421890","178860","2026419070","371626950","2700646770"
"2020/12/16","23939420","107400","572208170","74480570","670735560"
"2020/12/15","639392250","9065280","389536440","153864780","1191858750"
"2020/12/14","535952600","2657000","1114720590","183912050","1837242240"
"2020/12/11","1382300400","0","1004155590","168080490","2554536480"
"2020/12/10","587456470","495900","1652922000","66670930","2307545300"
"2020/12/09","240215340","525000","871139110","36728570","1148608020"
"2020/12/08","79789160","5879000","648751830","119156100","853576090"
"2020/12/07","731061490","5743000","1082324950","249624980","2068754420"
"2020/12/04","1097341450","5280000","2825789640","140132830","4068543920"
"2020/12/03","1029108090","14954500","2347307210","109863370","3501233170"
"2020/12/02","870904250","5350000","1039863930","50310800","1966428980"
"2020/12/01","273053630","268500","1051349450","31895200","1356566780"
"2020/11/30","725027000","11286000","1375870970","117803810","2229987780"
"2020/11/27","255583670","6805000","1633421680","69615080","1965425430"
"2020/11/26","445840850","5500000","976856190","35969850","1464166890"
"2020/11/25","358667930","2365450","1105415270","152287330","1618735980"
"2020/11/24","375134840","0","1650277420","431243300","2456655560"
"2020/11/23","765264090","4394000","1278758710","115275540","2163692340"
"2020/11/20","337920020","0","730522410","117574130","1186016560"
"2020/11/19","891926200","0","1750559810","98535100","2741021110"
"2020/11/18","348874090","1077000","601569970","68584550","1020105610"
"2020/11/17","237207230","34412000","1024329330","143528660","1439477220"
"2020/11/16","388358020","31631000","2430218140","77136610","2927343770"
"2020/11/13","288299810","16578000","1880404950","91954700","2277237460"
"2020/11/12","192002210","8180000","444968230","4816510","649966950"
"2020/11/11","97816250","5440000","604905430","133918150","842079830"
"2020/11/10","496756370","27554200","1208417160","345116280","2077844010"
"2020/11/09","299060060","8060000","707692830","140600490","1155413380"
"2020/11/06","139295040","8080000","830038050","21301810","998714900"
"2020/11/05","521499210","0","786145410","169479200","1477123820"
"2020/11/04","251266480","16160000","322626490","53620850","643673820"
"2020/11/03","411724890","1074000","403262940","157512620","973574450"
"2020/11/02","1134698720","47848590","337492130","35322790","1555362230"
"2020/10/30","476543150","0","523979530","100710960","1101233640"
"2020/10/29","314412910","35794580","674865110","351844920","1376917520"
"2020/10/28","316149960","152806000","875531530","79781490","1424268980"
"2020/10/27","605042600","10857420","1069186790","35678560","1720765370"
"2020/10/26","487866520","46537350","1584672320","283018060","2402094250"
"2020/10/23","342795670","268038470","1062268630","284264350","1957367120"
"2020/10/22","328287540","191022630","2003292270","858454110","3381056550"
"2020/10/21","301864440","348771300","756087880","69252380","1475976000"
"2020/10/20","330356350","16767500","531379980","30102550","908606380"
"2020/10/19","524172990","11042630","871579660","204950","1407000230"
"2020/10/16","305208520","0","663817710","193657210","1162683440"
"2020/10/15","403502650","0","968490350","267628860","1639621860"
"2020/10/14","312175010","0","550060600","126321240","988556850"
"2020/10/13","111100890","521040","911669550","197369670","1220661150"
"2020/10/12","92817160","995110","802385060","96445530","992642860"
"2020/10/08","134189510","74856000","821492340","59343180","1089881030"
"2020/10/07","374496150","1512880","434936880","132254090","943200000"
"2020/10/06","39722280","38830000","307462210","121814930","507829420"
"2020/10/05","265426390","93679100","530218870","87676460","977000820"
"2020/09/29","37722160","62638400","474914810","240734180","816009550"
"2020/09/28","57073460","0","383532450","305507000","746112910"
"2020/09/25","51137900","9232790","715141690","198257900","973770280"
"2020/09/24","153047010","19590250","765511430","34182020","972330710"
"2020/09/23","156711090","11690810","485552710","29567900","683522510"
"2020/09/22","202240840","2570000","417605750","344901590","967318180"
"2020/09/21","103381020","1998200","889853910","172172830","1167405960"
"2020/09/18","141231340","10420000","911661260","539100","1063851700"
"2020/09/17","35137020","26110000","1068212040","625117150","1754576210"
"2020/09/16","94721570","23181430","665287120","154625600","937815720"
"2020/09/15","77589680","10280000","742180990","62379970","892430640"
"2020/09/14","48785220","32362000","530498050","154330520","765975790"
"2020/09/11","71206750","14788780","404026630","283796230","773818390"
"2020/09/10","77172120","0","465536640","424566750","967275510"
"2020/09/09","421628240","63290600","960502330","194746650","1640167820"
"2020/09/08","351428010","40690700","975607790","242876080","1610602580"
"2020/09/07","421709980","16176820","571706170","175731320","1185324290"
"2020/09/04","125683530","56868790","630621940","370506710","1183680970"
"2020/09/03","426362810","998790","772326320","103114440","1302802360"
"2020/09/02","110884160","57937420","385372990","75023530","629218100"
"2020/09/01","80859760","92030000","421354350","642939860","1237183970"
"2020/08/31","88717620","10160000","509116200","571030260","1179024080"
"2020/08/28","88828100","63126570","934144550","71415100","1157514320"
"2020/08/27","206010840","0","728313980","107181760","1041506580"
"2020/08/26","84243440","2525000","1011284020","225662430","1323714890"
"2020/08/25","105099960","0","801631410","225896190","1132627560"
"2020/08/24","206226400","25250000","1077889090","51676530","1361042020"
"2020/08/21","143691770","4995130","1295361500","257457920","1701506320"
"2020/08/20","750424490","6511970","1496515130","117375720","2370827310"
"2020/08/19","905673740","25700","660306090","358367210","1924372740"
"2020/08/18","553423260","5277730","999144740","220600940","1778446670"
"2020/08/14","191556340","10370","875210090","334275130","1401051930"
"2020/08/13","253990950","56635450","998885850","117413760","1426926010"
"2020/08/12","683181620","21304520","2022263760","406785600","3133535500"
"2020/08/11","57940240","9713000","1620130550","183698210","1871482000"
"2020/08/10","167643430","64317240","823139150","76023700","1131123520"
"2020/08/07","136412020","94806770","1688532300","62675890","1982426980"
"2020/08/06","102308130","98402400","929626280","78735590","1209072400"
"2020/08/05","451457740","4995500","1921078960","238082360","2615614560"
"2020/08/04","929729100","5991380","681185970","19165200","1636071650"
"2020/08/03","540434140","5515650","662718190","35649300","1244317280"
"2020/07/31","438931490","519000","242558370","54181720","736190580"
"2020/07/30","337601830","25750000","501415490","345890","865113210"
"2020/07/29","658865680","1565070","519655770","447350980","1627437500"
"2020/07/28","655262600","2045000","1017494790","24358470","1699160860"
"2020/07/27","579519860","56480000","706055500","608734360","1950789720"
"2020/07/24","555852680","1024000","762584640","40807000","1360268320"
"2020/07/23","1207637230","53661190","1294384510","86490310","2642173240"
"2020/07/22","700479890","6706180","1016793550","134612620","1858592240"
"2020/07/21","140088180","1036000","1460444490","444434400","2046003070"
"2020/07/20","97759440","5704720","1008802220","36946170","1149212550"
"2020/07/17","182678360","1093080","1150351470","657974370","1992097280"
"2020/07/16","168856890","12304200","871701320","574617290","1627479700"
"2020/07/15","491468750","1550000","1564949560","48323260","2106291570"
"2020/07/14","194372410","259500","637479410","2782000","834893320"
"2020/07/13","94586840","261500","500046530","3055380","597950250"
"2020/07/10","276018400","1039000","725059000","128972220","1131088620"
"2020/07/09","780780950","518000","1231788440","213377670","2226465060"
"2020/07/08","648765060","49068100","2003908210","53093550","2754834920"
"2020/07/07","645275920","5403500","1263469540","298711900","2212860860"
"2020/07/06","510120060","108400000","2214237470","54116790","2886874320"
"2020/07/03","195477430","0","920398990","1118134860","2234011280"
"2020/07/02","264009260","0","632011850","572632310","1468653420"
"2020/07/01","250985010","115397570","572016270","197034800","1135433650"
"2020/06/30","492242350","33060000","663915910","400986640","1590204900"
"2020/06/29","514105480","3586500","1124813080","311719590","1954224650"
"2020/06/26","190757980","0","2339600560","143677040","2674035580"
"2020/06/25","425394780","1772120","969283710","224465240","1620915850"
"2020/06/24","425430320","1683000","960529830","145700","1387788850"
"2020/06/23","566590620","90270840","1801497260","128961660","2587320380"
"2020/06/22","627276690","10275580","2312069800","33549640","2983171710"
"2020/06/19","309082470","17550000","2200736260","12690606550","15217975280"
"2020/06/18","130820510","0","1338436110","1929989780","3399246400"
"2020/06/17","285763870","11380000","1612873150","1734348180","3644365200"
"2020/06/16","42976020","11300000","1498697080","2006509420","3559482520"
"2020/06/15","447250860","84923000","1808259670","1421015050","3761448580"
"2020/06/12","844429120","886400","2122142260","783439500","3750897280"
"2020/06/11","347181020","570000","1841946990","373767950","2563465960"
"2020/06/10","402971780","125460","2574126510","276234030","3253457780"
"2020/06/09","590361990","102960000","2541854710","1142391740","4377568440"
"2020/06/08","161776680","34800000","1444918810","1049898280","2691393770"
"2020/06/05","197046310","87567040","2920849110","454509550","3659972010"
"2020/06/04","733631170","128725000","3246062960","331938590","4440357720"
"2020/06/03","902014650","91862000","3644928200","843546870","5482351720"
"2020/06/02","248188680","59397360","2382680930","834891400","3525158370"
"2020/06/01","792510640","175560590","2638620590","494882430","4101574250"
"2020/05/29","736082430","40960790","2054873860","10202952340","13034869420"
"2020/05/28","925123740","460800","2623282620","980643910","4529511070"
"2020/05/27","1128045810","10472290","2179087370","713217440","4030822910"
"2020/05/26","412934900","7680500","3397024240","1682332940","5499972580"
"2020/05/25","541148900","121946520","2213097470","992287740","3868480630"
"2020/05/22","1291828710","46232700","5757313870","1241274070","8336649350"
"2020/05/21","481724140","7650300","3749839670","1096938940","5336153050"
"2020/05/20","129406060","23592960","1322794790","520446330","1996240140"
"2020/05/19","355502260","36123000","2773105140","1272671130","4437401530"
"2020/05/18","111986420","17190860","608902710","606001860","1344081850"
"2020/05/15","38957750","160720860","752618720","595189400","1547486730"
"2020/05/14","177957780","0","1683827800","289778080","2151563660"
"2020/05/13","153475740","3639000","716591500","1110469940","1984176180"
"2020/05/12","409273080","15158180","1123921190","298866860","1847219310"
"2020/05/11","173204160","53437920","1268139460","516749230","2011530770"
"2020/05/08","415688560","3125180","744159010","271348480","1434321230"
"2020/05/07","347519930","5971000","1319682440","265495340","1938668710"
"2020/05/06","153593460","1569000","857952210","256046940","1269161610"
"2020/05/04","758652330","241933850","3432128420","495725570","4928440170"
"2020/04/29","604855470","16740220","1771417740","531339690","2924353120"
"2020/04/28","686692710","21140780","4609554640","216694380","5534082510"
"2020/04/27","381203800","90810700","1048257020","101910910","1622182430"
"2020/04/24","648245610","89756000","1939017490","573123280","3250142380"
"2020/04/23","1025107690","59263300","2522666970","574353160","4181391120"
"2020/04/22","4885015810","10015790","1631279080","677216850","7203527530"
"2020/04/21","879125780","1554000","971833010","433163080","2285675870"
"2020/04/20","1033324580","8336000","1359128690","233895470","2634684740"
"2020/04/17","636424260","3111000","1626673030","1518779480","3784987770"
"2020/04/16","968021530","8680560","644090930","255247330","1876040350"
"2020/04/14","830991450","4947700","1032782320","58432370","1927153840"
"2020/04/13","926576505","1512000","534059065","22063120","1484210690"
"2020/04/10","1002388170","1515000","1954404210","171032360","3129339740"
"2020/04/09","597548360","1486500","627307235","518862350","1745204445"
"2020/04/08","157828170","2110850","1410145225","119406530","1689490775"
"2020/04/07","362077225","11927000","2211620360","574344395","3159968980"
"2020/04/06","248559730","1489000","1074723185","182641850","1507413765"
"2020/04/03","159960240","5910800","840046455","73403130","1079320625"
"2020/04/02","278486310","46677920","616312360","229229490","1170706080"
"2020/04/01","509134140","112874500","699804665","673499115","1995312420"
"2020/03/31","386577250","0","1045213740","457435910","1889226900"
"2020/03/30","893349370","287813235","547463910","589136075","2317762590"
"2020/03/27","840150105","28064500","1371224155","531622095","2771060855"
"2020/03/26","1174372380","1449700","1673188270","355330520","3204340870"
"2020/03/25","978243220","468500","1873891585","318140695","3170744000"
"2020/03/24","1567784005","234236885","1094217480","71486535","2967724905"
"2020/03/23","2059332415","282897475","1668269305","218467860","4228967055"
"2020/03/20","1288080720","343078855","2732576980","186816865","4550553420"
"2020/03/19","2442605815","249525445","3201431810","118485130","6012048200"
"2020/03/18","1169187855","3504200","683803690","160906655","2017402400"
"2020/03/17","1364918150","88866205","1470355315","421510300","3345649970"
"2020/03/16","1214195270","33373100","2882875005","540631310","4671074685"
"2020/03/13","2605901465","147773390","4940344920","1357292470","9051312245"
"2020/03/12","2149655970","24459130","1807303450","67245480","4048664030"
"2020/03/11","558830430","6425000","826253830","813111720","2204620980"
"2020/03/10","490461140","4797000","1048904420","706681510","2250844070"
"2020/03/09","868833500","8496000","1154147320","717756690","2749233510"
"2020/03/06","749723040","4833000","590407940","400599790","1745563770"
"2020/03/05","2436687140","542000","1177548960","586983270","4201761370"
"2020/03/04","1908800220","14534100","1062592580","1093742480","4079669380"
"2020/03/03","895664010","1046000","633937850","330706160","1861354020"
"2020/03/02","715843110","28916200","1067254660","461200170","2273214140"
"2020/02/28","2247551040","107730560","4477234360","284093440","7116609400"
"2020/02/27","1521680370","102519450","1053280290","132600350","2810080460"
"2020/02/26","1246965840","157676640","939638940","189100850","2533382270"
"2020/02/25","1391845240","16655960","1585833840","853583860","3847918900"
"2020/02/24","4858809020","117851370","3358764790","155353290","8490778470"
"2020/02/21","2172019650","3634690","1652834230","43629410","3872117980"
"2020/02/20","1187936560","37845770","679225530","5083660","1910091520"
"2020/02/19","1009615250","3829040","844970180","250319600","2108734070"
"2020/02/18","1177096410","109948000","1062155430","87716700","2436916540"
"2020/02/17","718610890","34195240","3543660290","154625650","4451092070"
"2020/02/14","3188806230","388424280","3773182780","609028650","7959441940"
"2020/02/13","638411610","51097310","1081305290","56357250","1827171460"
"2020/02/12","1386372760","96770000","1340673810","208516100","3032332670"
"2020/02/11","1263417880","37470060","1015317550","159168150","2475373640"
"2020/02/10","563781550","576000","562667340","12942370","1139967260"
"2020/02/07","1096441130","46333000","808156600","60416720","2011347450"
"2020/02/06","635334150","34773000","1313055470","123050100","2106212720"
"2020/02/05","642845920","1728000","1149252020","132930900","1926756840"
"2020/02/04","1211670990","775420","1315601570","12870450","2540918430"
"2020/02/03","2418093980","136280300","1707998880","859612070","5121985230"
"2020/01/31","2146043890","14065840","1410208610","1063216450","4633534790"
"2020/01/30","5794326670","113105500","1906426400","208357530","8022216100"
"2020/01/29","995939800","558000","1321206740","297592330","2615296870"
"2020/01/28","2768611610","231147040","4061413040","576797550","7637969240"
"2020/01/23","1529222200","27516300","3232306080","866253920","5655298500"
"2020/01/22","401623400","111254270","1534233040","101960850","2149071560"
"2020/01/21","1342814340","17486660","1139067350","155578610","2654946960"
"2020/01/20","768103280","3435000","1494764180","61886230","2328188690"
"2020/01/17","987332440","1058927080","1236707020","8402850","3291369390"
"2020/01/16","1165744490","37897330","1442106140","68050790","2713798750"
"2020/01/15","1789507950","50951210","3078901770","453707220","5373068150"
"2020/01/14","4474462760","176877970","7149327720","1199922020","13000590470"
"2020/01/13","2228215660","563474410","5479599130","506395770","8777684970"
"2020/01/10","959576970","36569980","3006400650","176278780","4178826380"
"2020/01/09","633564070","9444340","1613763490","194642500","2451414400"
"2020/01/08","1473417830","370616770","4184711390","656392770","6685138760"
"2020/01/07","1084977890","204608120","2776615590","907150880","4973352480"
"2020/01/06","696043300","259867600","2952145860","2154033970","6062090730"
"2020/01/03","380862310","9116000","1957353290","989415890","3336747490"
"2020/01/02","1254351770","232013810","1944416080","578842860","4009624520"
"2019/12/30","365215140","0","2496784940","52692580","2914692660"
"2019/12/27","3291273860","18851960","2069946570","159513690","5539586080"
"2019/12/26","1171738870","194379310","3871785370","185104020","5423007570"
"2019/12/24","709650350","220426510","2068218280","40751680","3039046820"
"2019/12/23","474650730","2569900","1412927830","588110290","2478258750"
"2019/12/20","748169660","120356000","1966331020","109151650","2944008330"
"2019/12/19","1793655670","121500900","3269973780","27739050","5212869400"
"2019/12/18","377372300","17309000","2733463370","151173110","3279317780"
"2019/12/17","325954920","362962100","2460236920","28708280","3177862220"
"2019/12/16","5879513630","40235800","2531361570","348190270","8799301270"
"2019/12/13","6555157020","89463200","2388955070","180768220","9214343510"
"2019/12/12","3851322370","35133400","1224871760","138310","5111465840"
"2019/12/11","4027892040","2834500","1165131420","175853890","5371711850"
"2019/12/10","3292988840","193266810","1255102790","197873310","4939231750"
"2019/12/09","2265042160","35847810","2414584650","85322700","4800797320"
"2019/12/06","2524602620","191938300","3253491190","2332310","5972364420"
"2019/12/05","1762982270","169143020","4161793490","18823750","6112742530"
"2019/12/04","2291661640","184089050","2477183340","141897120","5094831150"
"2019/12/03","3404414830","1101922370","5338854340","434319120","10279510660"
"2019/12/02","5608179320","1359642550","12048180550","276770720","19292773140"
"2019/11/29","2177773230","676000","1469985600","191163880","3839598710"
"2019/11/28","1410527060","713800","1379449890","7003330","2797694080"
"2019/11/27","2666573190","648000","1829021160","87698790","4583941140"
"2019/11/26","1087301350","171261300","2196990380","71206870","3526759900"
"2019/11/25","807439920","313236490","2191530350","74911930","3387118690"
"2019/11/22","1187201590","69237850","3584962160","211725610","5053127210"
"2019/11/21","1052273410","265798170","2373088170","248867950","3940027700"
"2019/11/20","990609550","203889640","2536589270","51310590","3782399050"
"2019/11/19","2947531310","241105510","4308280530","123246750","7620164100"
"2019/11/18","766355240","543728920","5850714240","25654330","7186452730"
"2019/11/15","2093789740","325458730","5657631560","67855860","8144735890"
"2019/11/14","1010697260","74288500","5320336860","61513550","6466836170"
"2019/11/13","2385407170","216808750","4749021290","11087850","7362325060"
"2019/11/12","1675224560","570578020","6223879730","6116820","8475799130"
"2019/11/11","1511978990","166223100","5693126580","21047580","7392376250"
"2019/11/08","4040454840","693815280","14221487650","188286360","19144044130"
"2019/11/07","3487259080","808330690","9550950980","263362090","14109902840"
"2019/11/06","3813244880","321007910","15198025380","334033700","19666311870"
"2019/11/05","4219531430","1365796710","44856594980","1616667280","52058590400"
"2019/11/04","5349379590","1375922160","25726265250","270205980","32721772980"
"2019/11/01","3738199010","1758327410","35551518740","1501533600","42549578760"
"2019/10/31","9268088260","3684332160","245397495690","1751318060","260101234170"
"2019/10/30","37361773090","8069982700","238228117980","3170817800","286830691570"