일자,기관 합계,기타법인,개인,외국인 합계,전체
"2023/05/04","19311675","4941465","12017595","128830","36399565"
"2023/05/03","2577685","8145000","49973485","180080","60876250"
"2023/05/02","6604930","0","35438035","0","42042965"
"2023/04/28","10235930","10616275","57596725","56375","78505305"
"2023/04/27","7044070","7515","19316665","0","26368250"
"2023/04/26","8309405","286900","109046985","180725","117824015"
"2023/04/25","42691205","3785","16829760","0","59524750"
"2023/04/24","4961085","0","73646760","7555","78615400"
"2023/04/21","12538535","5677500","100662995","105725","118984755"
"2023/04/20","31096520","3780","56455255","1213970","88769525"
"2023/04/19","8864670","0","57300515","517150","66682335"
"2023/04/18","8180000","3835000","64777715","107410","76900125"
"2023/04/17","9051425","76800","15883205","0","25011430"
"2023/04/14","20889970","3835","26167415","0","47061220"
"2023/04/13","13786190","0","10410585","57375","24254150"
"2023/04/12","8672865","30710","27454130","53705","36211410"
"2023/04/11","23621720","7630","43936970","297635","67863955"
"2023/04/10","9878415","0","66410190","83325","76371930"
"2023/04/07","3268995","0","30862205","0","34131200"
"2023/04/06","2375070","0","14290115","0","16665185"
"2023/04/05","7017615","13265095","62913665","41700","83238075"
"2023/04/04","26246855","14039210","134571775","1160910","176018750"
"2023/04/03","12176340","7966760","28509815","3805","48656720"
"2023/03/31","23654510","44659600","117615315","1478495","187407920"
"2023/03/30","602475","6839150","23335345","219730","30996700"
"2023/03/29","7453260","7144975","6751550","46440","21396225"
"2023/03/28","198110","240250","20084885","0","20523245"
"2023/03/27","901920","0","31824840","0","32726760"
"2023/03/24","2507005","7408500","9555970","0","19471475"
"2023/03/23","3617305","0","20898870","0","24516175"
"2023/03/22","6085535","493340","29058425","0","35637300"
"2023/03/21","4179265","1146135","25226270","0","30551670"
"2023/03/20","5372990","659650","4043295","0","10075935"
"2023/03/17","13863220","0","16244535","0","30107755"
"2023/03/16","1666770","5263800","11551365","0","18481935"
"2023/03/15","9657080","1528450","8951125","0","20136655"
"2023/03/14","1002725","23625","44811570","0","45837920"
"2023/03/13","3993860","454720","26218485","3920","30670985"
"2023/03/10","4737245","7127175","22960765","67595","34892780"
"2023/03/09","8685760","7990","2953560","0","11647310"
"2023/03/08","3620955","3620380","16954415","0","24195750"
"2023/03/07","26706150","15213495","43572625","151985","85644255"
"2023/03/06","11618080","2819925","18305300","0","32743305"
"2023/03/03","16339235","15264205","37248125","0","68851565"
"2023/03/02","10559245","3613015","10264505","64240","24501005"
"2023/02/28","32612345","5116120","21503180","0","59231645"
"2023/02/27","1296650","14908250","20893480","188005","37286385"
"2023/02/24","1426015","12671075","9745740","0","23842830"
"2023/02/23","13074375","28049465","6849720","4000","47977560"
"2023/02/22","20785565","26559945","25009570","0","72355080"
"2023/02/21","3332880","12673830","18165275","0","34171985"
"2023/02/20","13971650","4020","36178735","12075","50166480"
"2023/02/17","10463230","4050","13119730","0","23587010"
"2023/02/16","6437905","8130","27963665","0","34409700"
"2023/02/15","14922150","457410","31964170","0","47343730"
"2023/02/14","1824510","8175","64608685","0","66441370"
"2023/02/13","15320830","0","27071375","45430","42437635"
"2023/02/10","7226955","0","23739085","470985","31437025"
"2023/02/09","46251025","0","51223695","245560","97720280"
"2023/02/08","29389540","4150","68829480","0","98223170"
"2023/02/07","15505525","8270","18315335","0","33829130"
"2023/02/06","22929475","0","51080545","1651570","75661590"
"2023/02/03","35116015","4125","146281370","1125945","182527455"
"2023/02/02","18112225","8673615","44780600","0","71566440"
"2023/02/01","5499700","4080000","52756915","0","62336615"
"2023/01/31","1444350","6141090","44017125","82005","51684570"
"2023/01/30","9845275","421265","32265425","0","42531965"
"2023/01/27","22986075","8324985","20211505","577635","52100200"
"2023/01/26","22736060","0","67723040","246325","90705425"
"2023/01/25","11542335","16674725","44340055","0","72557115"
"2023/01/20","29386380","576380","132635615","7837055","170435430"
"2023/01/19","9159230","0","20117495","0","29276725"
"2023/01/18","22511435","7581055","31302545","0","61395035"
"2023/01/17","14534505","8305","39910245","62110","54515165"
"2023/01/16","9020190","25281760","20562820","0","54864770"
"2023/01/13","15562105","4080","24019760","3519285","43105230"
"2023/01/12","5247050","1383790","50365905","389430","57386175"
"2023/01/11","7870120","8040","13664210","197225","21739595"
"2023/01/10","14854100","6049025","50166455","1614910","72684490"
"2023/01/09","17311110","20932805","67417020","3206190","108867125"
"2023/01/06","25176150","8015","56258820","9665865","91108850"
"2023/01/05","18918110","11800","59858520","13051160","91839590"
"2023/01/04","13707465","7830","30384530","5734350","49834175"
"2023/01/03","5241475","15585","32922895","3890","38183845"
"2023/01/02","12679800","597480","38872965","82205","52232450"
"2022/12/29","18465420","7820","103612410","51025","122136675"
"2022/12/28","3881150","1191935","149576915","2294490","156944490"
"2022/12/27","23145425","0","14098175","678550","37922150"
"2022/12/26","15613475","8185","33925940","1776360","51323960"
"2022/12/23","25552065","4065","61892740","13915430","101364300"
"2022/12/22","28148350","4055","20547615","13401005","62101025"
"2022/12/21","19444825","12090","53498700","2341935","75297550"
"2022/12/20","53609745","4040","167630570","4764040","226008395"
"2022/12/19","56293285","0","247722735","17366860","321382880"
"2022/12/16","51666805","0","16397490","195250","68259545"
"2022/12/15","10536165","772595","23989895","0","35298655"
"2022/12/14","13343265","0","32586630","2161415","48091310"
"2022/12/13","21759060","4045","30463440","2618400","54844945"
"2022/12/12","10718105","0","40457075","4411885","55587065"
"2022/12/09","16717620","8095","24224880","32120","40982715"
"2022/12/08","65925230","32355","54666520","729440","121353545"
"2022/12/07","46437790","0","34236040","0","80673830"
"2022/12/06","63490355","0","71667075","4944920","140102350"
"2022/12/05","27557815","0","25995525","2039435","55592775"
"2022/12/02","23421350","66270325","54430605","3916660","148038940"
"2022/12/01","121847985","26053870","123284245","97989865","369175965"
"2022/11/30","37992445","4498040","72348295","9270035","124108815"
"2022/11/29","40953800","0","107092925","36196010","184242735"
"2022/11/28","23827095","5962500","163581955","3950335","197321885"
"2022/11/25","187344555","13881000","108885535","29146545","339257635"
"2022/11/24","20500935","3955000","20158955","796965","45411855"
"2022/11/23","10408605","1584000","21858175","0","33850780"
"2022/11/22","15796420","3895","83071485","6329715","105201515"
"2022/11/21","79094280","851400","50742470","374070","131062220"
"2022/11/18","20965165","0","34451380","580475","55997020"
"2022/11/17","36158550","400490","51807740","420525","88787305"
"2022/11/16","24172305","0","119673695","23850865","167696865"
"2022/11/15","21372250","0","67437970","1890535","90700755"
"2022/11/14","30197090","14871530","114164535","1653015","160886170"
"2022/11/11","103768835","0","167705475","39236110","310710420"
"2022/11/10","3057775","3858205","89382015","181400","96479395"
"2022/11/09","40367195","0","73015050","2207320","115589565"
"2022/11/08","6103625","3750","86694335","2021110","94822820"
"2022/11/07","7721810","3744090","87038490","8630260","107134650"
"2022/11/04","51165460","7862435","75934435","0","134962330"
"2022/11/03","6620915","3795000","48906745","6037500","65360160"
"2022/11/02","1784495","0","57233725","1943120","60961340"
"2022/11/01","18430070","3825","77552365","15607020","111593280"
"2022/10/31","10382420","468605","137179635","53363810","201394470"
"2022/10/28","45696150","3783740","99367915","21344515","170192320"
"2022/10/27","18686775","7976250","149080315","124716280","300459620"
"2022/10/26","45290810","23435850","217840350","105164530","391731540"
"2022/10/25","26995000","3218395","109976345","5674985","145864725"
"2022/10/24","42010480","50984950","168051545","30231285","291278260"
"2022/10/21","30955915","14760","185049705","977385","216997765"
"2022/10/20","73299670","55858950","303965505","39208425","472332550"
"2022/10/19","34840175","19253860","165471435","3733240","223298710"
"2022/10/18","173671140","7825","95440235","60818580","329937780"
"2022/10/17","24591425","19500000","142792660","3026605","189910690"
"2022/10/14","16081020","23717500","118982925","5488690","164270135"
"2022/10/13","28492345","44281885","100939880","1638070","175352180"
"2022/10/12","1742035","4082160","85625015","1032790","92482000"
"2022/10/11","39706200","67886880","289309565","4960855","401863500"
"2022/10/07","9981640","4027100","99740060","894640","114643440"
"2022/10/06","24183300","4234400","137584720","9257710","175260130"
"2022/10/05","102406290","32828890","175910180","4455000","315600360"
"2022/10/04","60049545","22368295","140452070","54371520","277241430"
"2022/09/30","9055710","151955","104957285","1997500","116162450"
"2022/09/29","11888745","8562350","71042230","0","91493325"
"2022/09/28","46179010","59688390","85564245","40786195","232217840"
"2022/09/27","24620305","43100000","173422350","12167195","253309850"
"2022/09/26","63158475","65943400","165589780","17560","294709215"
"2022/09/23","27842055","17895095","72047505","35720","117820375"
"2022/09/22","36334650","37920420","22213485","134550","96603105"
"2022/09/21","10523340","4589800","21770540","0","36883680"
"2022/09/20","16838005","26823705","26201685","3403410","73266805"
"2022/09/19","17941750","17997215","69680350","802340","106421655"
"2022/09/16","28339920","0","46914630","4509025","79763575"
"2022/09/15","10188255","13180565","57675080","81260","81125160"
"2022/09/14","45544240","12139020","54806980","2093580","114583820"
"2022/09/13","43744875","4585","151067670","13243510","208060640"
"2022/09/08","4540165","40905","86042065","5013960","95637095"
"2022/09/07","6013230","22643115","65148775","3852415","97657535"
"2022/09/06","15184735","0","27394635","4586630","47166000"
"2022/09/05","10574865","4579580","60884650","0","76039095"
"2022/09/02","42982485","9189595","65405125","19084885","136662090"
"2022/09/01","19567985","4668285","93302395","2626875","120165540"
"2022/08/31","8459895","0","69359955","7146105","84965955"
"2022/08/30","22584730","8367530","120536465","860395","152349120"
"2022/08/29","15286185","19501340","103883735","15087315","153758575"
"2022/08/26","28772590","2551500","87248550","0","118572640"
"2022/08/25","69623375","0","94048275","3616455","167288105"
"2022/08/24","23121620","4642050","92318520","5242530","125324720"
"2022/08/23","55342730","2323845","93626470","28085050","179378095"
"2022/08/22","79802075","22825000","353076390","41206000","496909465"
"2022/08/19","5234165","0","171613210","10023185","186870560"
"2022/08/18","31199110","6756160","275030725","29469095","342455090"
"2022/08/17","104156080","4740","68876405","379485","173416710"
"2022/08/16","10342610","0","56717310","273110","67333030"
"2022/08/12","87873035","0","15278000","25864035","129015070"
"2022/08/11","3048285","4685","19327420","5281485","27661875"
"2022/08/10","55947215","0","154671080","28359460","238977755"
"2022/08/09","85934950","0","26735340","14110","112684400"
"2022/08/08","115005965","0","59503055","17078875","191587895"
"2022/08/05","119670695","18710","25707375","35419535","180816315"
"2022/08/04","114760925","27733640","266850950","124659955","534005470"
"2022/08/03","224038140","49137565","126098305","67441030","466715040"
"2022/08/02","154946305","0","172468775","6442305","333857385"
"2022/08/01","42641965","5947360","74047400","24051670","146688395"
"2022/07/29","67733755","7334095","154037030","43441725","272546605"
"2022/07/28","74287410","44932600","208044755","147803370","475068135"
"2022/07/27","111824300","21775","155020845","127992875","394859795"
"2022/07/26","65172880","4850310","205274520","8967585","284265295"
"2022/07/25","76876350",,"271060690","67298075","415235115"
"2022/07/22","113585125","16810865","388263725","17378130","536037845"
"2022/07/21","68073405","45649490","264024520","1252020","378999435"
"2022/07/20","14273400","10253450","144859580","918060","170304490"
"2022/07/19","89395305","14643545","148992950","11779285","264811085"
"2022/07/18","17260510","26824490","43593825","28230","87707055"
"2022/07/15","70783485","4730","121714615","15523650","208026480"
"2022/07/14","29085050",,"147605530","1958330","178648910"
"2022/07/13","6618860","0","42420830","309635","49349325"
"2022/07/12","69544125","13571830","178988395","28704940","290809290"
"2022/07/11","69775035","29282600","85198280","1194500","185450415"
"2022/07/08","49702600","4409925","31351165","38665","85502355"
"2022/07/07","73340350","25439735","65089290","30266855","194136230"
"2022/07/06","90176115","19039750","84613485","22948160","216777510"
"2022/07/05","14694100","10601995","142862235","74672925","242831255"
"2022/07/04","41883565","24315","302800895","10434015","355142790"
"2022/07/01","30184860","9860035","242129990","16138730","298313615"
"2022/06/30","30035520","23258410","115800950","2354230","171449110"
"2022/06/29","61947450","73212500","81704250","42006710","258870910"
"2022/06/28","155989660","99684650","118105620","13482970","387262900"
"2022/06/27","99788410","89596980","242334820","8041030","439761240"
"2022/06/24","76510310","83913060","142655160","19204360","322282890"
"2022/06/23","66173610","76022240","111514580","47203500","300913930"
"2022/06/22","139351370","517290","343021060","99179020","582068740"
"2022/06/21","62533340","0","230365470","41590240","334489050"
"2022/06/20","52378190","555990","261603770","22516870","337054820"
"2022/06/17","74883510","83428820","193831320","5813660","357957310"
"2022/06/16","47780540","5690440","223702660","116360","277290000"
"2022/06/15","75823630","177413440","73106360","52156010","378499440"
"2022/06/14","96967820","16730","136538020","92802890","326325460"
"2022/06/13","116143950","567900","101997810","11219160","229928820"
"2022/06/10","29280680","57600","87337920","15443070","132119270"
"2022/06/09","99913070","0","105612070","22636810","228161950"
"2022/06/08","41326720","0","60175350","11180700","112682770"
"2022/06/07","30893340","0","54347110","17506410","102746860"
"2022/06/03","49098640","17550","64826340","802820","114745350"
"2022/06/02","59458530","0","50534510","0","109993040"
"2022/05/31","61448580","17290","36740270","68232900","166439040"
"2022/05/30","56576860","23090","13349400","0","69949350"
"2022/05/27","28588440","6888000","94464420","23080","129963940"
"2022/05/26","91635550","28990","146023180","30700850","268388570"
"2022/05/25","88760000","5710","62535550","55218530","206519790"
"2022/05/24","62327950","28050","21378700","3303600","87038300"
"2022/05/23","30115270","28050","157813270","11792440","199749030"
"2022/05/20","9358640","33840","62200510","4762370","76355360"
"2022/05/19","16661880","55900","52534450","9742890","78995120"
"2022/05/18","177966530","310000","206448920","69045260","453770710"
"2022/05/17","202719530","39961120","186849790","5484540","435014980"
"2022/05/16","56985430","5740","50210110","114800","107316080"
"2022/05/13","82216930","28958040","72308190","7327150","190810310"
"2022/05/12","93054350","11570","103900270","10370860","207337050"
"2022/05/11","20725470","40600","36486180","0","57252250"
"2022/05/10","69743510","13375600","139100800","169035040","391254950"
"2022/05/09","37520900","9719400","55967360","4564960","107772620"
"2022/05/06","25924410","4030650","53741590","13741890","97438540"
"2022/05/04","52117700","31147110","123733510","18732690","225731010"
"2022/05/03","120123660","11347040","216234740","0","347705440"
"2022/05/02","93885180",,"34457510","40500770","168843460"
"2022/04/29","142971680","0","88147460","5780170","236899310"
"2022/04/28","231594300",,"220262910","55307340","507164550"
"2022/04/27","86805350","8323020","88194830","65178810","248502010"
"2022/04/26","121218730","0","97659860","44503680","263382270"
"2022/04/25","94500050","0","166940180","108758970","370199200"
"2022/04/22","121098090","1549950","117834840","38468280","278951160"
"2022/04/21","119395980","0","119917530","53735550","293049060"
"2022/04/20","85964030","0","44909850","48133420","179007300"
"2022/04/19","56799470","12837410","133587680","44953350","248177910"
"2022/04/18","133337500","17314100","892123400","93625280","1136400280"
"2022/04/15","93561210","0","283265110","133292870","510119190"
"2022/04/14","129412890","23240000","241838280","46922400","441413570"
"2022/04/13","287237080","0","229033050","20529990","536800120"
"2022/04/12","78556980","0","104394450","20047940","202999370"
"2022/04/11","122363750","7993730","109653780","14138830","254150090"
"2022/04/08","92009150","10970280","134573030","36329460","273881920"
"2022/04/07","57941250","0","106076540","7109150","171126940"
"2022/04/06","216424540","18166320","88687730","623760","323902350"
"2022/04/05","138277980","23781060","218125610","42614720","422799370"
"2022/04/04","128540120","18444900","213471780","109427460","469884260"
"2022/04/01","52300720","0","51313610","15044900","118659230"
"2022/03/31","66116740","1368360","59505360","12087630","139078090"
"2022/03/30","23853350","17635280","75746560","5390","117240580"
"2022/03/29","13370640","16235860","76404560","0","106011060"
"2022/03/28","50090540","31583870","95029290","188650","176892350"
"2022/03/25","24365660","18451800","102311020","367880","145496360"
"2022/03/24","34280520","4714600","21361210","27050","60383380"
"2022/03/23","45347960","80018840","79479680","5430","204851910"
"2022/03/22","85303840","54000","25889170","113610","111360620"
"2022/03/21","60850190","2080540","31453260","21600","94405590"
"2022/03/18","10565350","59596760","49176370","22535570","141874050"
"2022/03/17","20795400","28120040","57875130","334800","107125370"
"2022/03/16","83891230","12516540","126427150","0","222834920"
"2022/03/15","126234740","4462820","69683990","13971330","214352880"
"2022/03/14","74090860","10281500","152592100","147827370","384791830"
"2022/03/11","69499790","48300880","132256140","102852860","352909670"
"2022/03/10","14268800","10160790","43977910","0","68407500"
"2022/03/08","3140560","7759690","37669720","369840","48939810"
"2022/03/07","81791570","8699480","120264680","48345110","259100840"
"2022/03/04","63718930","9714860","66733910","17219220","157386920"
"2022/03/03","19403290","6088000","64714520","0","90205810"
"2022/03/02","40135790","20969810","59164820","696920","120967340"
"2022/02/28","50872670","122240","60550900","6544170","118089980"
"2022/02/25","1934580","16000","16976700","8187800","27115080"
"2022/02/24","91984410","0","79035280","27286270","198305960"
"2022/02/23","14774200","106800","105251110","46410590","166542700"
"2022/02/22","64937410","53600","52215730","645600","117852340"
"2022/02/21","36902810","70060","50105990","17318100","104396960"
"2022/02/18","107582270","0","29985590","26929270","164497130"
"2022/02/17","274776680","53900","29753640","35291330","339875550"
"2022/02/16","164079560","53700","23490570","111415080","299038910"
"2022/02/15","118272930","5330","23254750","49328920","190861930"
"2022/02/14","75752200","126980","28842380","61936160","166657720"
"2022/02/11","139206960","0","45340360","27638980","212186300"
"2022/02/10","147399360","159400","71684420","54081490","273324670"
"2022/02/09","140294520","264000","87876640","57547320","285982480"
"2022/02/08","212061050","5310","14689430","29667850","256423640"
"2022/02/07","168637530","111100","85815020","74662200","329225850"
"2022/02/04","23250450","104800","33722830","17380160","74458240"
"2022/02/03","33052330","274610","166250170","35267770","234844880"
"2022/01/28","37405960","0","36003290","12824840","86234090"
"2022/01/27","54274720","0","64555680","32047660","150878060"
"2022/01/26","61543990","134130","15682600","61481760","138842480"
"2022/01/25","75878270","11018350","319498120","17785240","424179980"
"2022/01/24","94120750","0","123874420","34614770","252609940"
"2022/01/21","38136620",,"113760460","16316740","168213820"
"2022/01/20","53307520","2580000","96352090","14936420","167176030"
"2022/01/19","91193240","5180","89866040","4546090","185610550"
"2022/01/18","74537940","5210000","181689645","59612060","321049645"
"2022/01/17","71153630","5210","146040190","8888890","226087920"
"2022/01/14","1532290","0","22023460","4519240","28074990"
"2022/01/13","79742790","2615000","23946610","18869600","125174000"
"2022/01/12","63432880","5215200","196436300","16398320","281482700"
"2022/01/11","14230470","10470","96479700","1166290","111886930"
"2022/01/10","43201160","5240","212247250","34956150","290409800"
"2022/01/07","12603910",,"194210510","3081750","209896170"
"2022/01/06","82467590","2625000","136981220","27646090","249719900"
"2022/01/05","68190970","0","134453520","22112590","224757080"
"2022/01/04","100425250","0","115364570","0","215789820"
"2022/01/03","53037510","0","200207640","2041020","255286170"
"2021/12/30","14950770","16333290","166249570","1388220","198921850"
"2021/12/29","19743340","5230000","190233520","10076020","225282880"
"2021/12/28","37792840","26500000","485653210","89970240","639916290"
"2021/12/27","135943720","86410560","167120700","66161860","455636840"
"2021/12/24","88572990","17910500","182448800","24653250","313585540"
"2021/12/23","72811480","26249310","57807180",,"156867970"
"2021/12/22","20562800","21152300","13949430","5300","55669830"
"2021/12/21","47950700","42260","17938120","52900","65983980"
"2021/12/20","49364290","5290","197903180","3476860","250749620"
"2021/12/17","18377190","10530000","139666080","1469930","170043200"
"2021/12/16","70645520",,"65188110","3820070","139653700"
"2021/12/15","10157450","132020","44024060","3253250","57566780"
"2021/12/14","54790820","5280000","72759480","2043360","134873660"
"2021/12/13","559476070",,"80781220","23485950","663743240"
"2021/12/10","93580330","5290","112778590","0","206364210"
"2021/12/09","30541630",,"127367130","0","157908760"
"2021/12/08","47940200","5310000","44037610","5740110","103027920"
"2021/12/07","35441100","5290","81170880","3483990","120101260"
"2021/12/06","121644910","11851360","240683630","1048610","375228510"
"2021/12/03","182183920","10570000","104797230","14195880","311747030"
"2021/12/02","80421380","10580","151291870","2867080","234590910"
"2021/12/01","123964980","21180","141821160","108301690","374109010"
"2021/11/30","68074850","5300","235076180","35032700","338189030"
"2021/11/29","74430620","5250","121528170","78995820","274959860"
"2021/11/26","102871560","18465320","538047340","60500080","719884300"
"2021/11/25","115773210","53225000","112163740","1168220","282330170"
"2021/11/24","46686980","50693760","92181670","877400","190439810"
"2021/11/23","58827210","43229020","246486720","5806870","354349820"
"2021/11/22","74250800","10750","62859500","0","137121050"
"2021/11/19","47213450","519920","89050590",,"136783960"
"2021/11/18","25623930","0","68246530","0","93870460"
"2021/11/17","10291830","5390","182314460","5395390","198007070"
"2021/11/16","42994980","0","131107660","0","174102640"
"2021/11/15","94294770","5416200","76698280","36924420","213333670"
"2021/11/12","5012370","253750","32472780","10595030","48333930"
"2021/11/11","73383510",,"68213940","11279720","152877170"
"2021/11/10","52950010","21640","37661050","3169800","93802500"
"2021/11/09","113907900",,"59083470","0","172991370"
"2021/11/08","13727580","0","47041830","9745690","70515100"
"2021/11/05","61759390","32150","71485380","10710","133287630"
"2021/11/04","16183870","649740","276137580","0","292971190"
"2021/11/03","51626340","0","42725350","0","94351690"
"2021/11/02","78498460","0","114930270","0","193428730"
"2021/11/01","75795850","5420000","146505390","0","227721240"
"2021/10/29","116189920","629070","62126530","8678530","187624050"
"2021/10/28","81233920","16000410","175509850","9559880","282304060"
"2021/10/27","67897680","0","95778510","0","163676190"
"2021/10/26","81276820","1350000","80511110","146220","163284150"
"2021/10/25","145538370","0","95634610","2062260","243235240"
"2021/10/22","90651240","0","209833200","13052560","313537000"
"2021/10/21","63742480","2715000","134288670","30857550","231603700"
"2021/10/20","276790080","8185000","160921570","136970650","582867300"
"2021/10/19","224381200","0","160709210","12623040","397713450"
"2021/10/18","195606750","101185130","195349010","116291840","608432730"
"2021/10/15","189333250","0","183478300","7437740","380249290"
"2021/10/14","139372810","5190000","114783970","33462960","292809740"
"2021/10/13","151001150","82612810","174492650","23789980","431896590"
"2021/10/12","266483000","0","454132560","34788870","755404430"
"2021/10/08","45737160","0","123600480","55077430","224415070"
"2021/10/07","143075850","0","41470030","17346060","201891940"
"2021/10/06","217457570","0","103165700","57571420","378194690"
"2021/10/05","152187670","826740","105792660","10168600","268975670"
"2021/10/01","204525750","839860","230092980","33920010","469378600"
"2021/09/30","152048710","34283780","77523290","0","263855780"
"2021/09/29","246322330","40045000","420879010","202225240","909471580"
"2021/09/28","242111980","59899970","119519950","57361030","478892930"
"2021/09/27","65071000","43701950","203681360","4591950","317046260"
"2021/09/24","22573910","9453500","150129850","11632720","193789980"
"2021/09/23","60177130","10160000","207188360","7810060","285335550"
"2021/09/17","80763070","0","89666210","0","170429280"
"2021/09/16","9696150","0","41864670","5487600","57048420"
"2021/09/15","210200650","663000","162819110","0","373682760"
"2021/09/14","51856050","0","351578520","67675750","471110320"
"2021/09/13","74472280","0","77334740","423300","152230320"
"2021/09/10","5115300","0","82820960","0","87936260"
"2021/09/09","85788340","2036000","173597480","0","261421820"
"2021/09/08","7033930","2560000","165262830","10220","174866980"
"2021/09/07","27634520","511000","74562290","2091000","104798810"
"2021/09/06","19985180","0","78424550","0","98409730"
"2021/09/03","58310240","0","60760150","0","119070390"
"2021/09/02","44383940","0","193996160","4314600","242694700"
"2021/09/01","45722270","3001440","191643810","11219430","251586950"
"2021/08/31","32311450","0","116500440","10632440","159444330"
"2021/08/30","45638440","10090000","102083920","0","157812360"
"2021/08/27","39943550","5060","165987630","4809990","210746230"
"2021/08/26","94714900","0","45572100","5040000","145327000"
"2021/08/25","104718560","5070000","77765640","0","187554200"
"2021/08/24","89181340","0","92843630","30322680","212347650"
"2021/08/23","29587340","5030000","165493730","16074040","216185110"
"2021/08/20","49768320","92088250","301432820","35007270","478296660"
"2021/08/19","44464050","80496400","309383890","46508370","480852710"
"2021/08/18","84571590","17427350","155015820","9034260","266049020"
"2021/08/17","31906400","6225960","124684900","7630350","170447610"
"2021/08/13","146422730","19493000","279344820","24336240","469596790"
"2021/08/12","176176600","2550000","31723480","9205500","219655580"
"2021/08/11","65165650","53250640","184767530","9883820","313067640"
"2021/08/10","70201340","5075000","193760480","0","269036820"
"2021/08/09","97829820",,"100636110","6918710","205384640"
"2021/08/06","15496030","0","91510900","0","107006930"
"2021/08/05","47672000","0","61718950","0","109390950"
"2021/08/04","26758250","1500600","62074470","0","90333320"
"2021/08/03","145591890","760500","49891440","0","196243830"
"2021/08/02","61450750","0","122567880","0","184018630"
"2021/07/30","52090570","507000","109997080","1348630","163943280"
"2021/07/29","27214080","0","26839360","5080","54058520"
"2021/07/28","10806910","0","26297670","5090","37109670"
"2021/07/27","44804730",,"60563240","5110","105373080"
"2021/07/26","30143630",,"85917710","27990800","144052140"
"2021/07/23","31459550",,"136555820","0","168015370"
"2021/07/22","51742400",,"79964260","0","131706660"
"2021/07/21","10476140",,"178571320","0","189047460"
"2021/07/20","25759620",,"104538560","5110","130303290"
"2021/07/19","35880090","49906890","58321300","5150","144113430"
"2021/07/16","107076300","10240000","214884640","15066320","347267260"
"2021/07/15","80615860",,"200521430","10160","281147450"
"2021/07/14","137984940",,"209791280","10110","347786330"
"2021/07/13","235295720","13235850","146863620","45085090","440480280"
"2021/07/12","76557040",,"316391780","9049580","401998400"
"2021/07/09","154223470","5160300","313845020","33800490","507029280"
"2021/07/08","104246990",,"279773150","4315630","388335770"
"2021/07/07","91134120","1018000","350152460","10170","442314750"
"2021/07/06","221266550","97501000","304151430","5080","622924060"
"2021/07/05","289191270","21195600","221779430","5110","532171410"
"2021/07/02","265156310",,"142925870","14878280","422960460"
"2021/07/01","346657930","7701990","680695240","14463060","1049518220"
"2021/06/30","247376320","20910060","417257670","6040820","691584870"
"2021/06/29","223414070","26552000","324260570","28243460","602470100"
"2021/06/28","226533160","0","553495390","4421400","784449950"
"2021/06/25","148738660","1671180","445315700","15635200","611360740"
"2021/06/24","103774850",,"460482940","27485950","591743740"
"2021/06/23","296540030","0","261781580","91159080","649480690"
"2021/06/22","151867670","12925000","327324000","1210410","493327080"
"2021/06/21","182487600","15860730","319472000","60107120","577927450"
"2021/06/18","140928720",,"438957170","11611020","591496910"
"2021/06/17","160073830","29382000","354554510","1812860","545823200"
"2021/06/16","59447280","10156980","495654730","10360","565269350"
"2021/06/15","104493170","7615880","527151700","4745520","644006270"
"2021/06/14","102652230","73814390","258758670","987000","436212290"
"2021/06/11","86948510","8368610","324080520","57420","419455060"
"2021/06/10","147560050","14053890","438176900","2646220","602437060"
"2021/06/09","117829140",,"397613850","736320","516179310"
"2021/06/08","206015240","0","354568620","1286580","561870440"
"2021/06/07","290373750","15720000","368837360","951860","675882970"
"2021/06/04","180811630","16576400","373608090","84582540","655578660"
"2021/06/03","204555660","320800","517222960","64304900","786404320"
"2021/06/02","138830200","1116240","827370760","11885070","979202270"
"2021/06/01","106004340","22169240","612480320","43840990","784494890"
"2021/05/31","59320120","7850000","459235570","139586810","665992500"
"2021/05/28","132861440","14750010","149282770","16552100","313446320"
"2021/05/27","231764890","7818100","534914970","9785010","784282970"
"2021/05/26","29465680","18064800","181087420","5120","228623020"
"2021/05/25","33219320","61200000","283662670","286079190","664161180"
"2021/05/24","23291290","0","212781930","27127200","263200420"
"2021/05/21","36705350","0","158066690","10079170","204851210"
"2021/05/20","67781060","6655900","191321000","8518420","274276380"
"2021/05/18","26515650","3036000","220841080","15170","250407900"
"2021/05/17","45765660","3650400","224107120","17029400","290552580"
"2021/05/14","45898930","60620000","130338680","12945450","249803060"
"2021/05/13","26604770","51775280","92505210","47704060","218589320"
"2021/05/12","56046360","151400","245051210","33590680","334839650"
"2021/05/11","109246300","151200","246320550","8238030","363956080"
"2021/05/10","156192770","7868300","166737400","39638170","370436640"
"2021/05/07","131586630","0","198841320","12114940","342542890"
"2021/05/06","52053840",,"247142060","10100","299206000"
"2021/05/04","66658530","0","270537900","73528940","410725370"
"2021/05/03","62349370",,"141028900","9573140","212951410"
"2021/04/30","39475190","25050000","48603130","0","113128320"
"2021/04/29","40159170","0","84449330","0","124608500"
"2021/04/28","49703865","25200000","90705125","0","165608990"
"2021/04/27","64660170","250000","173024440","19493970","257428580"
"2021/04/26","81604140","125400760","195985680","47861230","450851810"
"2021/04/23","24684110","0","97090600","16701400","138476110"
"2021/04/22","35072565","79750000","349135675","6328665","470286905"
"2021/04/21","35419985","5000000","153344935","8200000","201964920"
"2021/04/20","102837600",,"339818840","18877240","461533680"
"2021/04/19","95599350",,"349713930","12371890","457685170"
"2021/04/16","56731420","0","194009980","65302320","316043720"
"2021/04/15","89878335","4988980","178113975","36142840","309124130"
"2021/04/14","129007860","4935000","91486540","5526765","230956165"
"2021/04/13","84459990","0","132412370","10021105","226893465"
"2021/04/12","149317005",,"159280005","9164295","317761305"
"2021/04/09","27642115","0","141701355","4930","169348400"
"2021/04/08","36435465",,"48497790","2646495","87579750"
"2021/04/07","34445020","3690000","69980850","0","108115870"
"2021/04/06","147997600",,"228780865","21101875","397880340"
"2021/04/05","71969555","4930000","300361940","59916890","437178385"
"2021/04/02","109449125","3999950","149132275","34400805","296982155"
"2021/04/01","93968770","0","148834655","0","242803425"
"2021/03/31","70430805","1672380","61809750","2493910","136406845"
"2021/03/30","101838885",,"51838570","0","153677455"
"2021/03/29","253733930","4875000","466623610","47745260","772977800"
"2021/03/26","206590085","10485610","185669085","21879665","424624445"
"2021/03/25","42091265","0","108805705","53020","150949990"
"2021/03/24","16897630","4830000","81958940","3182970","106869540"
"2021/03/23","59312135","2332880","22119945","0","83764960"
"2021/03/22","123995245","2487450","246728875","1789350","375000920"
"2021/03/19","51709600","4105500","53200330","52910","109068340"
"2021/03/18","18392060","8054400","117832350","1885515","146164325"
"2021/03/17","38235060",,"67704680","5254045","111193785"
"2021/03/16","39463025","9421665","44625100","0","93509790"
"2021/03/15","50316950","3066975","89144070","0","142527995"
"2021/03/12","53965765",,"73029660","8879010","135874435"
"2021/03/11","7171980",,"63490475","104170","70766625"
"2021/03/10","121674085","2350000","59533465","98744070","282301620"
"2021/03/09","72739425","0","191904605","49748055","314392085"
"2021/03/08","121849330","0","214712160","3403555","339965045"
"2021/03/05","53007585","9500000","228362630","11248955","302119170"
"2021/03/04","25457455",,"37016685","13424585","75898725"
"2021/03/03","27198120",,"117488135","920610","145606865"
"2021/03/02","64492815","14519080","115712870","9973115","204697880"
"2021/02/26","24587655","0","78780125","21557095","124924875"
"2021/02/25","68840680","1657340","36060665","6011150","112569835"
"2021/02/24","82266550",,"252009775","35633720","369910045"
"2021/02/23","90168935","100025295","178403420","28855250","397452900"
"2021/02/22","37251510","99917000","589577915","20798990","747545415"
"2021/02/19","343281815","100967440","557012585","11153275","1012415115"
"2021/02/18","30199950","149185","432850415","9467085","472666635"
"2021/02/17","153233755","193400","291858875","5043510","450329540"
"2021/02/16","38216360",,"528967285","5129725","572313370"
"2021/02/15","197370490",,"186731145","4939870","389041505"
"2021/02/10","47091645","9995850","154889790","3964035","215941320"
"2021/02/09","20282135",,"102097510","7250750","129630395"
"2021/02/08","23099025","48375","73501155","0","96648555"
"2021/02/05","92723305","19772720","284971320","37805860","435273205"
"2021/02/04","29433820","9640000","82335355","4704375","126113550"
"2021/02/03","94398770","19250000","47207085",,"160855855"
"2021/02/02","60352930","10953495","148422715","0","219729140"
"2021/02/01","24745605",,"84676820","2850760","112273185"
"2021/01/29","18008945",,"94672575","16047330","128728850"
"2021/01/28","27396090","10006440","120373835","7182515","164958880"
"2021/01/27","29233795",,"60937990","3718930","93890715"
"2021/01/26","17164370","4840000","92185090","4791800","118981260"
"2021/01/25","48627255","9685000","67293775","4394100","130000130"
"2021/01/22","123401290","9685000","105418405","15068625","253573320"
"2021/01/21","291902350","9720000","183005905","35282400","519910655"
"2021/01/20","102385920","0","23350015","27067955","152803890"
"2021/01/19","168005030",,"206421930","2496000","376922960"
"2021/01/18","40834685",,"154390560","4850000","200075245"
"2021/01/15","27297385",,"75187425","3020580","105505390"
"2021/01/14","28239045",,"170103075","8939025","207281145"
"2021/01/13","24240435","0","50476000","0","74716435"
"2021/01/12","90626545","33830000","122573765","16633800","263664110"
"2021/01/11","225011320","242500430","342190180","22953360","832655290"
"2021/01/08","208037130","24200000","336171955","21156040","589565125"
"2021/01/07","131873205","4365000","227743785","22877335","386859325"
"2021/01/06","215836240","50544000","228205245","45153785","539739270"
"2021/01/05","383421105","20538570","490834825","64360165","959154665"
"2021/01/04","227468475","32240190","439256030","9840875","708805570"
"2020/12/30","39104330","49075000","178854615","4312620","271346565"
"2020/12/29","91886560","56324085","488382505","40742840","677335990"
"2020/12/28","219824640","25150000","457355510","41303580","743633730"
"2020/12/24","187428940","70700000","212030820","91947430","562107190"
"2020/12/23","42560470","153413110","104471880","2615600","303061060"
"2020/12/22","64486340","122394920","207439910","18961040","413282210"
"2020/12/21","17812710","0","210976820","27619820","256409350"
"2020/12/18","188803670","0","132567780","0","321371450"
"2020/12/17","84841320","0","142164260","4919820","231925400"
"2020/12/16","12593400","0","90212460","14441220","117247080"
"2020/12/15","27251555","2080830","93711795","0","123044180"
"2020/12/14","19489730","259442180","618181165","6756920","903869995"
"2020/12/11","111310620","0","264313850","16514490","392138960"
"2020/12/10","123620375","0","289648940","2803425","416072740"
"2020/12/09","58255175","0","192946790","11915000","263116965"
"2020/12/08","37932905","0","146093260","0","184026165"
"2020/12/07","175953655","0","136686945","35918510","348559110"
"2020/12/04","90714890","15000000","233487580","13717380","352919850"
"2020/12/03","210455340",,"229492200","0","439947540"
"2020/12/02","120957230",,"190935470","23463480","335356180"
"2020/12/01","135622230","0","201627700","13872740","351122670"
"2020/11/30","95356940","63388030","258482310","10567650","427794930"
"2020/11/27","30541440","60720","297755130","253000","328610290"
"2020/11/26","128390790","2499750","143536350","0","274426890"
"2020/11/25","61739910","0","194129870","6628660","262498440"
"2020/11/24","60791990",,"571882580","15210","632689780"
"2020/11/23","90159120","0","263226120","44612790","397998030"
"2020/11/20","202108660","55440","349989810","36674540","588828450"
"2020/11/19","152691800","0","300419420","37304350","490415570"
"2020/11/18","139136600","0","254347760","0","393484360"
"2020/11/17","26443730","39467240","296710730","25865280","388486980"
"2020/11/16","37374880","50200000","180871950","27029710","295476540"
"2020/11/13","23298740","148841920","259193830","2137770","433472260"
"2020/11/12","70176520","53025000","331883900","667710","455753130"
"2020/11/11","67110790","807360","525107350","18745610","611771110"
"2020/11/10","143462710","15210000","128428000","11616200","298716910"
"2020/11/09","292310080","25250000","154926670","19620900","492107650"
"2020/11/06","99239920","0","191763920","17937160","308941000"
"2020/11/05","300582990",,"200062940","7060140","507706070"
"2020/11/04","141535290","60033330","285641460","19413550","506623630"
"2020/11/03","138415060","12562120","411493030","38629580","601099790"
"2020/11/02","76544060","0","699414500","163825850","939784410"
"2020/10/30","183509540","25500000","415748850","76579840","701338230"
"2020/10/29","31894700","0","473837060","133609460","639341220"
"2020/10/28","193517500","1992910","430849480","49891400","676251290"
"2020/10/27","201938790","0","458272300","121843450","782054540"
"2020/10/26","554106570","0","585497910","136880950","1276485430"
"2020/10/23","482660420","195780","672663100","182864830","1338384130"
"2020/10/22","281955385","13720000","343086875","47254185","686016445"
"2020/10/21","100870790","45000","159994990","24090000","285000780"
"2020/10/20","133251790","1500000","169948070","29951975","334651835"
"2020/10/19","420640850","1170000","225506180","13931410","661248440"
"2020/10/16","341350750",,"189182500","23327600","553860850"
"2020/10/15","359242485","0","226541340","120904375","706688200"
"2020/10/14","198725500","2480000","411707010","65487295","678399805"
"2020/10/13","99481700","2281600","134596540","0","236359840"
"2020/10/12","149185830",,"362797110","29969745","541952685"
"2020/10/08","404071595","84320","698973890","145933980","1249063785"
"2020/10/07","239233315","0","649867490","168797895","1057898700"
"2020/10/06","251685050","0","591063030","83710300","926458380"
"2020/10/05","162737460",,"269654615","181765700","614157775"
"2020/09/29","25041055",,"350679235","13177135","388897425"
"2020/09/28","80652915","89490","186431805","0","267174210"
"2020/09/25","223851240","9375610","83491400","16921070","333639320"
"2020/09/24","441610780","10150480","170891935","55823560","678476755"
"2020/09/23","47441490","0","238318605","18551720","304311815"
"2020/09/22","98879480","37520","186309275","4680","285230955"
"2020/09/21","94964015","13417900","266788015","9715955","384885885"
"2020/09/18","60993395","21445000","146935920","12380970","241755285"
"2020/09/17","96177280","3935875","798492945","41501705","940107805"
"2020/09/16","97977330","0","280564525","57484025","436025880"
"2020/09/15","72471825","9080000","148587685","28051030","258190540"
"2020/09/14","132207610","9176050","262004425","13032725","416420810"
"2020/09/11","20393125","29707465","271954365","51637890","373692845"
"2020/09/10","31516730","7667000","214915405","581790","254680925"
"2020/09/09","57566780","143657020","237403105","27855000","466481905"
"2020/09/08","47178765","14467460","247337290","72638205","381621720"
"2020/09/07","65939515","35920345","349806235","4865100","456531195"
"2020/09/04","68174690","26845000","434838315","0","529858005"
"2020/09/03","139925190","3678875","98027970","1095210","242727245"
"2020/09/02","61477540",,"162350145","8970","223836655"
"2020/09/01","84021900","22772060","251290840","9344375","367429175"
"2020/08/31","92957865","21339200","549853210","23990440","688140715"
"2020/08/28","50682175","17671750","182398660","9090","250761675"
"2020/08/27","107920120","10336310","448760320","9190","567025940"
"2020/08/26","106080420","104739330","236359600","9300","447188650"
"2020/08/25","119341995","4645000","133659075","9320","257655390"
"2020/08/24","225319540","10697435","218820930","9340","454847245"
"2020/08/21","173066840","0","109957080","11791720","294815640"
"2020/08/20","126250835","115710125","237098010","9280","479068250"
"2020/08/19","108231675","23300","184571220","21186665","314012860"
"2020/08/18","115996270","31998000","370107905","9340","518111515"
"2020/08/14","147208230","30902400","428368520","9490","606488640"
"2020/08/13","62488665","9510000","404693785","161840","476854290"
"2020/08/12","149767170","75351500","1565370790","128243160","1918732620"
"2020/08/11","195983990","241664655","917280655","90089600","1445018900"
"2020/08/10","529109435","10856910","818313215","58157790","1416437350"
"2020/08/07","107271785","101892915","692267635","632000","902064335"
"2020/08/06","189348310","212695715","1567950410","18987140","1988981575"
"2020/08/05","1291126050","641099565","8157198605","3638160","10093062380"