일자,기관 합계,기타법인,개인,외국인 합계,전체
"2023/05/04","1147136","0","30906369","6341554","38395059"
"2023/05/03","601132","0","67072343","12231897","79905372"
"2023/05/02","341042","35168","38943437","6825724","46145371"
"2023/04/28","3634532","1007","67859165","940398","72435102"
"2023/04/27","14612634","0","128775710","12890235","156278579"
"2023/04/26","7776572","7656956","115778538","10739343","141951409"
"2023/04/25","452236","306416000","87484816","7895694","402248746"
"2023/04/24","2239456","5100100","98262387","9045","105610988"
"2023/04/21","14775528","2003","117408569","337204","132523304"
"2023/04/20","6419343","0","99401705","2085119","107906167"
"2023/04/19","13190029","0","559964999","31724792","604879820"
"2023/04/18","6663301","675006731","219323513","3041462","904035007"
"2023/04/17","50324160","0","233225641","11619345","295169146"
"2023/04/14","1092800","17898414","169632397","3196333","191819944"
"2023/04/13","1246064","0","78525702","1552424","81324190"
"2023/04/12","18783111","0","54827030","2190015","75800156"
"2023/04/11","5364047","0","96319448","1098454","102781949"
"2023/04/10","23213244","0","84236826","58743","107508813"
"2023/04/07","220820","91100","65347774","1636210","67295904"
"2023/04/06","3073198","0","112191766","0","115264964"
"2023/04/05","2058170","0","74851863","22625","76932658"
"2023/04/04","1638924","0","48905057","962446","51506427"
"2023/04/03","354205","499359","41646400","370716","42870680"
"2023/03/31","893948","0","250866728","1837064","253597740"
"2023/03/30","1123847","0","59841864","1299281","62264992"
"2023/03/29","425247","0","77613170","2037980","80076397"
"2023/03/28","576800","895","28880485","0","29458180"
"2023/03/27","7627727","0","37981006","305866","45914599"
"2023/03/24","411179","892","124469089","252206","125133366"
"2023/03/23","28497478","0","68779282","0","97276760"
"2023/03/22","5986566","0","30427212","10703","36424481"
"2023/03/21","563428","897","24392490","57408","25014223"
"2023/03/20","3621434","897","33309739","162890","37094960"
"2023/03/17","3749738","2716","39065564","0","42818018"
"2023/03/16","6935162","0","71621338","0","78556500"
"2023/03/15","21696728","903","51004320","7186","72709137"
"2023/03/14","1594109","7127","114978607","578438","117158281"
"2023/03/13","3053150","1771","101165351","30940","104251212"
"2023/03/10","671974","0","44113666","125912","44911552"
"2023/03/09","6287721","7161","111245764","3341375","120882021"
"2023/03/08","1312060","0","66615155","181866","68109081"
"2023/03/07","10018452","1753","87376363","102541","97499109"
"2023/03/06","411939","869","65962269","0","66375077"
"2023/03/03","704810","0","34936190","876","35641876"
"2023/03/02","4260228","501075","34041155","1749","38804207"
"2023/02/28","380850","2624","18469592","0","18853066"
"2023/02/27","3493961","873","52551537","180334","56226705"
"2023/02/24","4172362","0","43082370","0","47254732"
"2023/02/23","2676704","0","68103066","112553","70892323"
"2023/02/22","488956","882","101206507","323327","102019672"
"2023/02/21","482794","0","26234882","0","26717676"
"2023/02/20","18378065","7066","32011377","20263","50416771"
"2023/02/17","2639162","0","21179775","32634","23851571"
"2023/02/16","4975690","3539","22514172","0","27493401"
"2023/02/15","2807422","882","46820232","0","49628536"
"2023/02/14","118961","1777","24321300","887","24442925"
"2023/02/13","2152893","0","60758387","302555","63213835"
"2023/02/10","689941","892","32499591","1786","33192210"
"2023/02/09","543613","1800","46621512","34944","47201869"
"2023/02/08","841584","0","52159812","1194510","54195906"
"2023/02/07","238072","0","14030759","1861633","16130464"
"2023/02/06","4671232","3609","25873383","1641336","32189560"
"2023/02/03","3992831","1801","102809651","2164001","108968284"
"2023/02/02","21248517","32508","115026114","407627","136714766"
"2023/02/01","409351","999474","75081083","134959","76624867"
"2023/01/31","226702","0","16810065","46799","17083566"
"2023/01/30","1414559","0","26441845","134046","27990450"
"2023/01/27","2229775","910","38109155","0","40339840"
"2023/01/26","5020216","0","32369888","15393","37405497"
"2023/01/25","953054","0","19834709","221840","21009603"
"2023/01/20","39850858","14283","20851941","563316","61280398"
"2023/01/19","867780","0","10009921","5047882","15925583"
"2023/01/18","5820364","0","17237493","1260359","24318216"
"2023/01/17","570209","1797","59122827","3551658","63246491"
"2023/01/16","12536956","5348","81224971","1745581","95512856"
"2023/01/13","1487687","6205","34612069","1937669","38043630"
"2023/01/12","5673831","890","17141060","5354378","28170159"
"2023/01/11","4083242","6247","57830629","3991939","65912057"
"2023/01/10","1038170","3579","26239353","1303377","28584479"
"2023/01/09","3541165","3541","24476682","7390822","35412210"
"2023/01/06","1456733","1753261","64867918","716028","68793940"
"2023/01/05","10528030","5218","33687626","1090290","45311164"
"2023/01/04","1252404","6954","28346051","313602","29919011"
"2023/01/03","3695849","10381734","18698785","381842","33158210"
"2023/01/02","5270925","885","12243914","33474","17549198"
"2022/12/29","9507136","0","103724476","711723","113943335"
"2022/12/28","11442841","910","139029397","773133","151246281"
"2022/12/27","1893697","2004800","133902044","490206","138290747"
"2022/12/26","2648460","8169399","67650836","1214869","79683564"
"2022/12/23","1575808","2283408","19075687","0","22934903"
"2022/12/22","580403","954","23686795","0","24268152"
"2022/12/21","254077","1702904","10557802","168504","12683287"
"2022/12/20","329797","7445292","23459258","235274","31469621"
"2022/12/19","10965091","61736","41796049","29403","52852279"
"2022/12/16","5048180","0","72611945","2224645","79884770"
"2022/12/15","5044456","0","40078698","0","45123154"
"2022/12/14","5018136","0","16135080","0","21153216"
"2022/12/13","135933","2766500","37687728","1902","40592063"
"2022/12/12","388343","0","49205198","551865","50145406"
"2022/12/09","1340948","0","28628721","9480","29979149"
"2022/12/08","377394","0","24051106","953","24429453"
"2022/12/07","1280638","0","28970019","1729390","31980047"
"2022/12/06","463693","0","45048426","1306037","46818156"
"2022/12/05","25698921","0","52125515","3461517","81285953"
"2022/12/02","7830656","0","144270064","9802703","161903423"
"2022/12/01","6925512","0","108634040","730320","116289872"
"2022/11/30","1512234","0","76519954","123897","78156085"
"2022/11/29","568023","0","13123566","2958356","16649945"
"2022/11/28","547511","0","44463494","1211203","46222208"
"2022/11/25","36926","0","37701011","5369330","43107267"
"2022/11/24","375041","0","86856167","9186","87240394"
"2022/11/23","2542274","0","113997422","1127991","117667687"
"2022/11/22","1381138","0","38118619","605206","40104963"
"2022/11/21","3491087","920","27884728","48547","31425282"
"2022/11/18","1754250","0","25423616","46392","27224258"
"2022/11/17","621343","2799","11166069","0","11790211"
"2022/11/16","1052249","0","43542276","525605","45120130"
"2022/11/15","171883","0","31016092","2046533","33234508"
"2022/11/14","691545","3716","50440578","3257688","54393527"
"2022/11/11","19034288","0","117531773","6715705","143281766"
"2022/11/10","92451","0","56327319","4464319","60884089"
"2022/11/09","754395","0","87562696","1111218","89428309"
"2022/11/08","1281327","0","88537940","652171","90471438"
"2022/11/07","84799","0","18404884","754872","19244555"
"2022/11/04","456054","0","26338256","440022","27234332"
"2022/11/03","4354050","0","49542094","0","53896144"
"2022/11/02","2571475","0","19594096","39436","22205007"
"2022/11/01","1671350","0","54352998","3481967","59506315"
"2022/10/31","395027","0","28912991","1135609","30443627"
"2022/10/28","1085836","0","25994691","0","27080527"
"2022/10/27","18300586","0","62235884","6470445","87006915"
"2022/10/26","820620","3509076","31054070","2613","35386379"
"2022/10/25","1431632","0","36920246","1196819","39548697"
"2022/10/24","2000773","0","27937394","1703402","31641569"
"2022/10/21","600446","0","34823983","115710","35540139"
"2022/10/20","366062","0","51251279","600197","52217538"
"2022/10/19","3150159","0","53178840","15851072","72180071"
"2022/10/18","3583226","0","50821751","4359559","58764536"
"2022/10/17","1400502","0","64308655","4648120","70357277"
"2022/10/14","238787","899","29509930","3729598","33479214"
"2022/10/13","683752","35500000","178458668","376825","215019245"
"2022/10/12","6608473","0","30096727","1015899","37721099"
"2022/10/11","3604775","0","73154577","1016205","77775557"
"2022/10/07","1012132","0","43271848","938","44284918"
"2022/10/06","2036800","0","26503659","8492932","37033391"
"2022/10/05","425841","9310000","46299107","8165246","64200194"
"2022/10/04","2195359","0","33147342","10504908","45847609"
"2022/09/30","5686568","0","39899119","12057185","57642872"
"2022/09/29","7805155","927","59684251","11472162","78962495"
"2022/09/28","18301681","8820800","107457554","7567270","142147305"
"2022/09/27","19837357","432019","100184363","22123055","142576794"
"2022/09/26","20055138","67710188","199045491","7721733","294532550"
"2022/09/23","10183159","1000","141238063","5775757","157197979"
"2022/09/22","5216645","10120","41203010","2303860","48733635"
"2022/09/21","1582755","0","43644970","4622310","49850035"
"2022/09/20","80495",,"35822330","703800","36606625"
"2022/09/19","8738015",,"87137285","43645","95918945"
"2022/09/16","5665885","1030","29447250","142140","35256305"
"2022/09/15","4437770","0","48842155","1930765","55210690"
"2022/09/14","15622310",,"92259440","140120","108021870"
"2022/09/13","6218675",,"53977725","1693265","61889665"
"2022/09/08","862025","1035","30681135","5548255","37092450"
"2022/09/07","2993745","0","65820060","0","68813805"
"2022/09/06","992160","0","33933990","3802590","38728740"
"2022/09/05","8017405","49711745","37420305","0","95149455"
"2022/09/02","1862910","1035","67509545","7193915","76567405"
"2022/09/01","25283110","1025","193244825","3651410","222180370"
"2022/08/31","4028560","1060","45135605","136995","49302220"
"2022/08/30","3995010","42829290","109775660","3646085","160246045"
"2022/08/29","18940750","51222545","131587980","1115230","202866505"
"2022/08/26","12142000","0","39972535","585900","52700435"
"2022/08/25","4703430","1085","45757145","6722000","57183660"
"2022/08/24","17007795","224635","133371970","6177870","156782270"
"2022/08/23","16669295","1095","56696985","25976905","99344280"
"2022/08/22","8207735","0","56066635","781000","65055370"
"2022/08/19","21159515","552500","125950065","15588560","163250640"
"2022/08/18","6362380","560000","100926635","1125","107850140"
"2022/08/17","17207740","0","40366245","0","57573985"
"2022/08/16","24398105","0","101077280","8549320","134024705"
"2022/08/12","8910085","1130000","107390500","13929525","131360110"
"2022/08/11","19312760","1248500","98688030","8922375","128171665"
"2022/08/10","4353250","0","69013440","0","73366690"
"2022/08/09","7960690","0","52421995","806625","61189310"
"2022/08/08","5485440","0","51950485","819840","58255765"
"2022/08/05","12187005","0","56532625","12738610","81458240"
"2022/08/04","24255390","0","94840970","22113980","141210340"
"2022/08/03","5788245","0","62825210","243930","68857385"
"2022/08/02","7542830","0","114046130","4662880","126251840"
"2022/08/01","25121490","0","73593340","301910","99016740"
"2022/07/29","28402060","0","116141865","17607210","162151135"
"2022/07/28","15501430","0","62097915","336100","77935445"
"2022/07/27","3171835","0","82619015","2204825","87995675"
"2022/07/26","6229270","0","78504825","2980650","87714745"
"2022/07/25","2026625","0","103115560","12439150","117581335"
"2022/07/22","239415","0","103083740","28282315","131605470"
"2022/07/21","2304385","0","66197125","52991970","121493480"
"2022/07/20","17104025","0","183636435","16496970","217237430"
"2022/07/19","2127555","0","93359825","78621810","174109190"
"2022/07/18","14507865","4314070","62128915","35119460","116070310"
"2022/07/15","4759240","379020","126694230","14995950","146828440"
"2022/07/14","3780870","56504000","110763815","23826685","194875370"
"2022/07/13","587095","5175","61276030","4033210","65901510"
"2022/07/12","42816280","51001035","197921250","7152120","298890685"
"2022/07/11","4813990","0","154004055","19312990","178131035"
"2022/07/08","3888375","0","150149025","56215880","210253280"
"2022/07/07","1387235","2100","105316600","4928600","111634535"
"2022/07/06","2658855","0","72275175","20472930","95406960"
"2022/07/05","366875","5280","21546235","27583630","49502020"
"2022/07/04","30102465","416000","155050720","13775450","199344635"
"2022/07/01","1546955","643100","95911325","3965040","102066420"
"2022/06/30","2779240","1095","96300255","7591605","106672195"
"2022/06/29","13558010","0","140065455","12601610","166225075"
"2022/06/28","19451575","1535200","193611025","30288975","244886775"
"2022/06/27","11388690","42900","107243480","17317795","135992865"
"2022/06/24","6867065","4439460","67587480","40326865","119220870"
"2022/06/23","44824845","70759280","290895995","73618985","480099105"
"2022/06/22","38721170","142168895","357053660","118604330","656548055"
"2022/06/21","1334065","1150","115746960","72763765","189845940"
"2022/06/20","90024770","88731910","298471950","203392940","680621570"
"2022/06/17","20819570","1195000","415759805","190063810","627838185"
"2022/06/16","23402670","49900570","172571080","4501600","250375920"
"2022/06/15","30933545","11025440","155026720","19296025","216281730"
"2022/06/14","9346365","8949015","286389865","107508810","412194055"
"2022/06/13","36163655","67870270","270474685","25984725","400493335"
"2022/06/10","22926210","7143010","121849645","1305","151920170"
"2022/06/09","16893450","657500","93083265","627000","111261215"
"2022/06/08","9087840","2268270","154438410","18196135","183990655"
"2022/06/07","12552345","1962645","137388945","7603340","159507275"
"2022/06/03","14964855","5295000","249384745","3827445","273472045"
"2022/06/02","27208620","4024500","130142695","15571760","176947575"
"2022/05/31","25695370","68175000","347058445","8484330","449413145"
"2022/05/30","8752085","0","100979730","15373425","125105240"
"2022/05/27","70297585","4091390","399466420","26857120","500712515"
"2022/05/26","19672785","2062500","291664020","50191585","363590890"
"2022/05/25","73471525","1385285","249437535","41714930","366009275"
"2022/05/24","4084770","1400","145691700","692500","150470370"
"2022/05/23","9368325","5612500","203374340","3319530","221674695"
"2022/05/20","3704115","0","82360880","3362565","89427560"
"2022/05/19","9409105","1407500","195326475","33203060","239346140"
"2022/05/18","25619615","716800","169560825","14609400","210506640"
"2022/05/17","10735035","1440","172794660","15301985","198833120"
"2022/05/16","4719765","10965000","268071345","28154975","311911085"
"2022/05/13","2638060","1435","711866020","18863780","733369295"
"2022/05/12","5004250","8015835","881817675","47596370","942434130"
"2022/05/11","9675160","6626250","172698290","33609135","222608835"
"2022/05/10","16248330","14014900","296837605","68335920","395436755"
"2022/05/09","33327915","35442075","363343570","24357905","456471465"
"2022/05/06","24440835","23667500","216333220","36318005","300759560"
"2022/05/04","25811705","19772500","391419375","42405005","479408585"
"2022/05/03","9963320","17886500","278306285","2714710","308870815"
"2022/05/02","56070675","22267490","294165705","23476925","395980795"
"2022/04/29","18423375","746500","228969315","5302920","253442110"
"2022/04/28","21417590","5210505","298815010","49666980","375110085"
"2022/04/27","8947240","6471025","220071010","45911230","281400505"
"2022/04/26","21048860","5879015","389074755","194477295","610479925"
"2022/04/25","118462725","11458535","411795130","27209055","568925445"
"2022/04/22","9282745","1052480","178028550","9515890","197879665"
"2022/04/21","10134325","0","346079365","6520715","362734405"
"2022/04/20","48261965","2692505","365464170","54852670","471271310"
"2022/04/19","11812550","4515","305708390","46187035","363712490"
"2022/04/18","85884570","22581075","723063285","98963700","930492630"
"2022/04/15","66723460","3100","932274475","35857200","1034858235"
"2022/04/14","46124275","0","335846290","0","381970565"
"2022/04/13","8440960","4905","555596585","472340325","1036382775"
"2022/04/12","24244815","3038490","443224680","15793770","486301755"
"2022/04/11","87589820","0","485388955","147929305","720908080"
"2022/04/08","21539390","3245","501412250","101434015","624388900"
"2022/04/07","40539270","0","518204920","164534205","723278395"
"2022/04/06","14038580","0","378055565","92635035","484729180"
"2022/04/05","49759770","0","416470630","114286065","580516465"
"2022/04/04","12033735","22112440","645814595","36057290","716018060"
"2022/04/01","51681690","34879000","653621690","71896235","812078615"
"2022/03/31","3631615","1625","814123930","75197145","892954315"
"2022/03/30","25324860","174660","1213788060","190113840","1429401420"
"2022/03/29","21881815","0","571852680","94993970","688728465"
"2022/03/28","2882075","0","1288718185","289530835","1581131095"
"2022/03/25","11540525","0","1655495695","194659425","1861695645"
"2022/03/24","30926595","0","739719115","139551385","910197095"
"2022/03/23","12125215","0","646800455","266985675","925911345"
"2022/03/22","15656920","23133380","275733250","28459025","342982575"
"2022/03/21","2065355","1964350","148602385","46309390","198941480"
"2022/03/18","1926480","451450","82730240","8871650","93979820"
"2022/03/17","12631030","13410000","570205940","53989880","650236850"
"2022/03/16","21956000","0","235525100","45310005","302791105"
"2022/03/15","3931470","2990000","185715115","4251290","196887875"
"2022/03/14","9622070","0","385508770","53014265","448145105"
"2022/03/11","13070175","0","724284675","406753735","1144108585"
"2022/03/10","2060705","2122860","397964850","47612245","449760660"
"2022/03/08","8882695","36420805","312598250","81669490","439571240"
"2022/03/07","11812050","45240415","713153770","106233690","876439925"
"2022/03/04","28210520","50579875","1435017620","293785385","1807593400"
"2022/03/03","138164840","65953020","2637326160","271717855","3113161875"
"2022/03/02","9592115","0","1708233370","143356120","1861181605"
"2022/02/28","2303670","995410","874708470","205863100","1083870650"
"2022/02/25","367535","0","569134630","185325650","754827815"
"2022/02/24","15160520","0","688424630","306590250","1010175400"
"2022/02/23","10969125","0","462953420","35514630","509437175"
"2022/02/22","9500470","0","933811555","68975780","1012287805"
"2022/02/21","24741010","0","1509378210","140564375","1674683595"
"2022/02/18","6449710","0","1210686750","353988550","1571125010"
"2022/02/17","7652865","0","513166450","102403785","623223100"
"2022/02/16","2327695","0","610795935","147458315","760581945"
"2022/02/15","308325","1410000","390671370","58178055","450567750"
"2022/02/14","12797360","0","767641265","194942450","975381075"
"2022/02/11","9083405","0","793141805","126858145","929083355"
"2022/02/10","14773850","0","291817470","107369175","413960495"
"2022/02/09","16443765","0","1470592330","379586020","1866622115"
"2022/02/08","12487435","6990","2507151860","361956565","2881602850"
"2022/02/07","5533280","0","100202355","12796650","118532285"
"2022/02/04","207260","1260000","85709775","34423675","121600710"
"2022/02/03","377385","2505000","131670160","86629640","221182185"
"2022/01/28","32864650","2415","106298570","68761215","207926850"
"2022/01/27","4786575","0","200487620","11174290","216448485"
"2022/01/26","2305330","0","137210745","102709885","242225960"
"2022/01/25","22746675","7527485","298946630","43125860","372346650"
"2022/01/24","14438450","0","189540675","0","203979125"
"2022/01/21","7827590","0","78489160","15541240","101857990"
"2022/01/20","1825795","1295000","102075925","38644900","143841620"
"2022/01/19","3195745","7773915","159667195","63103445","233740300"
"2022/01/18","5438035","17095170","197673205","3506870","223713280"
"2022/01/17","21174550","10670000","159447275","4719110","196010935"
"2022/01/14","4995760","12105000","121802395","26027125","164930280"
"2022/01/13","4555800","17650000","147500320","14850785","184556905"
"2022/01/12","1636970","0","106144540","20261350","128042860"
"2022/01/11","3497890","13615580","347986030","8405280","373504780"
"2022/01/10","5793740","13680000","331560470","12619845","363654055"
"2022/01/07","380160","2802810","111373005","31801925","146357900"
"2022/01/06","4136545","76155","184737495","46854385","235804580"
"2022/01/05","8882595","0","114088360","81895855","204866810"
"2022/01/04","6014750","0","136126860","57226780","199368390"
"2022/01/03","10085115","2804215","182998500","23427875","219315705"
"2021/12/30","7623945","22739500","188475710","14215790","233054945"
"2021/12/29","14220605","15815370","218101775","17422865","265560615"
"2021/12/28","73184410","28462735","376772355","54416710","532836210"
"2021/12/27","22548865","20881415","347648875","39776170","430855325"
"2021/12/24","11463630","2932070","197921890","235685460","448003050"
"2021/12/23","26992290","2880000","250910735","51391005","332174030"
"2021/12/22","16518260","1388460","108235870","39596520","165739110"
"2021/12/21","9212480","8363635","224672680","71395025","313643820"
"2021/12/20","31977510","2870000","223788965","102164090","360800565"
"2021/12/17","8603985","0","108561740","29773100","146938825"
"2021/12/16","9270075","8695000","143136020","22644230","183745325"
"2021/12/15","4425105","5843595","105205000","19168875","134642575"
"2021/12/14","1050835","1440000","106730050","13390070","122610955"
"2021/12/13","736470","17363500","108797840","83082950","209980760"
"2021/12/10","7497490","24530000","127684860","1714710","161427060"
"2021/12/09","356660","13035000","133450525","20903435","167745620"
"2021/12/08","4011425","15901455","183000460","2824415","205737755"
"2021/12/07","3856130","1430000","158772945","6422450","170481525"
"2021/12/06","11975540","1410000","178175605","11504180","203065325"
"2021/12/03","4211450","1420000","176346045","9189110","191166605"
"2021/12/02","59477560",,"148345760","50791265","258614585"
"2021/12/01","7068165","1375","216238945","71834955","295143440"
"2021/11/30","62495060","1371425","571802650","110399555","746068690"
"2021/11/29","16732680","10095","366655935","89853350","473252060"
"2021/11/26","19281255",,"367704470","47372730","434358455"
"2021/11/25","1005860","2970000","150143255","48890875","203009990"
"2021/11/24","16816035","1485000","226750650","7213220","252264905"
"2021/11/23","12756415","4496495","227683475","30356285","275292670"
"2021/11/22","30252040","7500000","297414930","29923995","365090965"
"2021/11/19","25440695","6005000","282089155","13315895","326850745"
"2021/11/18","29428670","7481495","301814890","31277245","370002300"
"2021/11/17","30465815","18061510","601605335","39127995","689260655"
"2021/11/16","40427980","15305000","853329005","55080790","964142775"
"2021/11/15","15206975",,"567114210","6488590","588809775"
"2021/11/12","21425930","0","487266795","53933030","562625755"
"2021/11/11","21791540","3175","623798890","66089925","711683530"
"2021/11/10","125728100","3180000","866890010","112078670","1107876780"
"2021/11/09","68593465","0","2757726470","217712865","3044032800"
"2021/11/08","74038765","32460","3358516175","477825940","3910413340"
"2021/11/05","57231360","19850","470819680","27931065","556001955"
"2021/11/04","19149675","336190","435655595","71673040","526814500"
"2021/11/03","10142125",,"537304775","15419185","562866085"
"2021/11/02","43683510","233046205","476927010","14908980","768565705"
"2021/11/01","47437385",,"432370620","300338175","780146180"
"2021/10/29","18792935","1485000","437472260","131797555","589547750"
"2021/10/28","13183530",,"357503115","5215510","375902155"
"2021/10/27","40718540",,"262833740","7064470","310616750"
"2021/10/26","19102365","3695285","687958905","38703090","749459645"
"2021/10/25","30954155","451500","354909040","26663515","412978210"
"2021/10/22","32712110","2075500","633535720","66760350","735083680"
"2021/10/21","30727185",,"273401140","9887050","314015375"
"2021/10/20","41628640",,"321759600","105320190","468708430"
"2021/10/19","7811460",,"223265835","25071915","256149210"
"2021/10/18","34533580","75500","356126855","46589295","437325230"
"2021/10/15","3326900",,"410090310","87073445","500490655"
"2021/10/14","17444510",,"333097320","71646255","422188085"
"2021/10/13","4906070",,"327076595","19192445","351175110"
"2021/10/12","23903130",,"480233045","31093425","535229600"
"2021/10/08","50249765",,"876430700","206685710","1133366175"
"2021/10/07","96835955","0","1131487240","433970755","1662293950"
"2021/10/06","120397655",,"963431490","240231650","1324060795"
"2021/10/05","56054040","8430","678066725","109431870","843561065"
"2021/10/01","70734085","0","701634440","81603325","853971850"
"2021/09/30","7550115",,"429612730","69906655","507069500"
"2021/09/29","74463865",,"655890005","213141855","943495725"
"2021/09/28","69038295","765000","802532380","100905690","973241365"
"2021/09/27","24022800","0","621304725","180904065","826231590"
"2021/09/24","42945805","6446250","778466710","109337930","937196695"
"2021/09/23","45172110","15255850","1699649225","255799480","2015876665"
"2021/09/17","33012530","31384900","1079254425","97994915","1241646770"
"2021/09/16","37369070","0","1348559355","104478415","1490406840"
"2021/09/15","38552630","11697500","1425347485","233006685","1708604300"
"2021/09/14","84591060","6965000","2171511380","123311520","2386378960"
"2021/09/13","62114370",,"3201990345","431530250","3695634965"
"2021/09/10","215858885","142837850","21159116675","1176343675","22694157085"
"2021/09/09","72954315","10317400","7652008165","604795855","8340075735"
"2021/09/08","88248930","70414030","10217100830","1067749445","11443513235"
"2021/09/07","57739765","22409835","8272718335","626029435","8978897370"
"2021/09/06","43337710","0","2735644715","315993280","3094975705"
"2021/09/03","49657545","8577500","4552594250","260371595","4871200890"
"2021/09/02","40618900","2849400","3585476200","258346100","3887290600"
"2021/09/01","33738570","2001500","1125202915","69636740","1230579725"
"2021/08/31","55965345","14978730","2492064185","428418095","2991426355"
"2021/08/30","93750805","500630","5780644830","472277470","6347173735"
"2021/08/27","206544685","1577500","5023696125","301663095","5533481405"
"2021/08/26","70321180","649760","5377623825","251967170","5700561935"
"2021/08/25","59167300","0","597485535","85683865","742336700"
"2021/08/24","73015330","299265","2699938665","313522080","3086775340"
"2021/08/23","19925325","2017800","410106405","135622215","567671745"
"2021/08/20","38071880","9380","570270070","127889380","736240710"
"2021/08/19","80736850","28100","616490715","87830300","785085965"
"2021/08/18","34833360",,"319119835","300971405","654924600"
"2021/08/17","168736755","1408600","688192035","364316920","1222654310"
"2021/08/13","35957255","2860000","609448610","227030640","875296505"
"2021/08/12","17059300",,"388419875","111846005","517325180"
"2021/08/11","14013290","3288060","520352745","219661035","757315130"
"2021/08/10","70107560","1506000","483879850","11053530","566546940"
"2021/08/09","69870045","5777365","847054760","251825525","1174527695"
"2021/08/06","27038400",,"296816455","64871180","388726035"
"2021/08/05","18129340","4440","173985490","99020385","291139655"
"2021/08/04","10340040","2960","210685575","51794185","272822760"
"2021/08/03","49357285",,"679998785","150730920","880086990"
"2021/08/02","42115505",,"490488315","51645115","584248935"
"2021/07/30","57414380",,"250938160","181007310","489359850"
"2021/07/29","81145100","0","370965675","264985835","717096610"
"2021/07/28","33705490","298000","413876490","384604915","832484895"
"2021/07/27","41263000","300000","625338255","194299845","861201100"
"2021/07/26","23134305","910500","439848940","53051525","516945270"
"2021/07/23","44750660","1836000","431521450","54695690","532803800"
"2021/07/22","25731740",,"539026355","28221655","592979750"
"2021/07/21","25293080","2520400","594996730","8094275","630904485"
"2021/07/20","26419295","15550","625391580","107281580","759108005"
"2021/07/19","16129760",,"704729820","5178690","726038270"
"2021/07/16","81989090","1225500","773035420","55069370","911319380"
"2021/07/15","83396360",,"971979010","96271245","1151646615"
"2021/07/14","176524525","4737500","2557509085","418100610","3156871720"
"2021/07/13","77349220","13010000","1831709950","69793945","1991863115"
"2021/07/12","25745835","0","714638990","26568305","766953130"
"2021/07/09","57078980","0","1810490070","196810135","2064379185"
"2021/07/08","39981520","3485000","1680114400","45202035","1768782955"
"2021/07/07","10403530","9463500","823121625","44082110","887070765"
"2021/07/06","18856685","0","1325937275","31247645","1376041605"
"2021/07/05","154341405","11385130","1718345660","192468820","2076541015"
"2021/07/02","72099210","5903000","1626484420","17414520","1721901150"
"2021/07/01","285208145","0","3131321775","138272895","3554802815"
"2021/06/30","100575800","147144600","4959642985","563518455","5770881840"
"2021/06/29","35561950","3203500","1069003670","169633250","1277402370"
"2021/06/28","81830640",,"1353961390","387162620","1822954650"
"2021/06/25","28888740","352000","1152535960","117050530","1298827230"
"2021/06/24","49305100","1402000","1312861595","156762650","1520331345"
"2021/06/23","106813285","10460000","1735059305","75483055","1927815645"
"2021/06/22","26784180",,"912240440","140454485","1079479105"
"2021/06/21","71239860","178500","1320263200","106117215","1497798775"
"2021/06/18","75551785","1282000","2098685665","86959660","2262479110"
"2021/06/17","63683250","9425000","2704165020","359420965","3136694235"
"2021/06/16","41469160","8975000","1271020885","85773075","1407238120"
"2021/06/15","53852465",,"1208940690","144586490","1407379645"
"2021/06/14","37283990","4480975","1386258460","45264930","1473288355"
"2021/06/11","66331630","9132500","1733539475","62498885","1871502490"
"2021/06/10","73909170",,"1907312510","86216070","2067437750"
"2021/06/09","153359000",,"2047366670","80693785","2281419455"
"2021/06/08","86401395","9946525","3428805640","183896225","3709049785"
"2021/06/07","90012490","69405000","3197523390","54330365","3411271245"
"2021/06/04","138793775","4787500","2059360815","121672855","2324614945"
"2021/06/03","484547655","1930000","3291223430","149648970","3927350055"
"2021/06/02","274582740","269676330","5666947135","408599065","6619805270"
"2021/06/01","547169480","196204340","16681792640","708040465","18133206925"
"2021/05/31","922529615","41674510","23769950905","1114975415","25849130445"
"2021/05/28","237947720","11161500","4314709565","112622465","4676441250"
"2021/05/27","1016927610","1107500","14588475195","1130868825","16737379130"
"2021/05/26","119325015","0","2419506285","92895230","2631726530"
"2021/05/25","57437080","0","1664127220","129190325","1850754625"
"2021/05/24","95583205","243050280","2386946300","147079730","2872659515"
"2021/05/21","433529275","2532000","6173565125","548473895","7158100295"
"2021/05/20","247146885","24400","9062361815","585382260","9894915360"
"2021/05/18","264257795","23450","9667444895","646278205","10578004345"
"2021/05/17","263266555","3381990","13760186040","910373355","14937207940"
"2021/05/14","65961340","1980000","1249706520","222254710","1539902570"
"2021/05/13","240140625","11040000","2790642135","399022330","3440845090"
"2021/05/12","158618770","987500","1576919285","275497775","2012023330"
"2021/05/11","49558920","1955000","788535705","114619725","954669350"
"2021/05/10","59735465","16743575","889349765","269057410","1234886215"
"2021/05/07","9258765","598500","725425155","64912435","800194855"
"2021/05/06","56171130","399000","549384005","79503620","685457755"
"2021/05/04","68994285","0","1350125125","223589945","1642709355"
"2021/05/03","65077060","0","1257284125","86598395","1408959580"
"2021/04/30","95002310","10035155","2007901665","302249735","2415188865"
"2021/04/29","125245035","2136800","3098876970","427112300","3653371105"
"2021/04/28","80365990","109000","2126849110","192664550","2399988650"
"2021/04/27","75100725","0","1839949930","100452880","2015503535"
"2021/04/26","159289095","0","3862574260","207581495","4229444850"
"2021/04/23","44786965","10925000","1861779370","125302535","2042793870"
"2021/04/22","66844335","12566500","2125945805","118780510","2324137150"
"2021/04/21","122582615","50161875","9759135565","682080735","10613960790"
"2021/04/20","56257975","24632500","2708984405","274241145","3064116025"
"2021/04/19","129383425","1073500","5220861265","737646740","6088964930"
"2021/04/16","215940775","0","10495980475","1003171480","11715092730"
"2021/04/15","121984755","5275000","10560517225","465876275","11153653255"
"2021/04/14","184149585","1357320","6687681765","614308840","7487497510"
"2021/04/13","101954660","263000","8143705900","379762015","8625685575"
"2021/04/12","312836895","19089400","26507016175","1552870965","28391813435"
"2021/04/09","294428525","109903415","30902978595","924956025","32232266560"
"2021/04/08","155588100","2999760","11208405885","688778990","12055772735"
"2021/04/07","147879545","0","10274625500","343444105","10765949150"
"2021/04/06","145524075","193000","9801207780","525352025","10472276880"
"2021/04/05","294292370","27071255","31173322450","1035073730","32529759805"
"2021/04/02","143976970","0","5423559990","193405455","5760942415"
"2021/04/01","35157670","0","1782090640","112517775","1929766085"
"2021/03/31","38920665","0","1185657345","99947890","1324525900"
"2021/03/30","12554200","0","538202180","79513070","630269450"
"2021/03/29","20383470","0","1145736140","152141025","1318260635"
"2021/03/26","8516585","0","401682930","99289920","509489435"
"2021/03/25","12485915","0","530097320","47840355","590423590"
"2021/03/24","98708890","7237495","913431145","38482220","1057859750"
"2021/03/23","97629865","0","2234939910","178319640","2510889415"
"2021/03/22","103420565","10667315","316939610","6228075","437255565"
"2021/03/19","10164075","0","353792265","37773870","401730210"
"2021/03/18","31688605","0","474769530","43133325","549591460"
"2021/03/17","23359215","7075000","566272280","114441400","711147895"
"2021/03/16","80575885","1398020","1513930865","214979930","1810884700"
"2021/03/15","25822935","1310000","915716715","95621815","1038471465"
"2021/03/12","23508820","0","616117775","80717580","720344175"
"2021/03/11","29213955","7277050","700517440","114159125","851167570"
"2021/03/10","33499250","0","765580380","285107900","1084187530"
"2021/03/09","16120035","7654000","892792530","296941585","1213508150"
"2021/03/08","48988575","0","590653775","97384175","737026525"
"2021/03/05","6735390","0","820112400","120363850","947211640"
"2021/03/04","8383845","4460800","618647655","107082835","738575135"
"2021/03/03","19773115","2625000","722090875","158118860","902607850"
"2021/03/02","29704495","22135000","1020754150","181614495","1254208140"
"2021/02/26","6123055","0","513865700","68911685","588900440"
"2021/02/25","75813905","0","674959955","161613270","912387130"
"2021/02/24","67189185","1400000","1025542550","144102100","1238233835"
"2021/02/23","40912190","1460000","1162834565","635626885","1840833640"
"2021/02/22","26559870","0","1905319365","288067385","2219946620"
"2021/02/19","4429135","995200","1425262760","425061895","1855748990"
"2021/02/18","25371145","0","1437355315","74315000","1537041460"
"2021/02/17","8573695","1605000","1825213505","199720440","2035112640"
"2021/02/16","40938105","16200","3130676900","414052965","3585684170"
"2021/02/15","60440485","1735000","2671051910","244818605","2978046000"
"2021/02/10","23720915","0","1251381675","120461550","1395564140"
"2021/02/09","5421520","0","1599716140","235674600","1840812260"
"2021/02/08","19932490","0","1545895700","187480090","1753308280"
"2021/02/05","42869535","0","1582476325","190786315","1816132175"
"2021/02/04","2673965","4176070","1235286075","120921705","1363057815"
"2021/02/03","1501190","0","2773947580","141041705","2916490475"
"2021/02/02","8848340","0","1277395270","140707535","1426951145"
"2021/02/01","13606260","0","2200759830","197235280","2411601370"
"2021/01/29","24406525","0","3638496475","175003660","3837906660"
"2021/01/28","70350805","118872530","26700367770","557997470","27447588575"
"2021/01/27","3948750","1640000","2439089840","218043180","2662721770"
"2021/01/26","133852445","3277150","8803945910","482390440","9423465945"
"2021/01/25","57688930","130900","22206218175","823443665","23087481670"
"2021/01/22","3305280","0","1002807990","49165380","1055278650"
"2021/01/21","63086130","0","2870761000","127714090","3061561220"
"2021/01/20","19264435","4144700","1295833830","131646060","1450889025"
"2021/01/19","27027060","5565000","5905326360","480157940","6418076360"
"2021/01/18","3975210","6068085","5889972320","629788900","6529804515"
"2021/01/15","23410740","0","651546080","88406185","763363005"
"2021/01/14","108595","0","709668630","27721880","737499105"
"2021/01/13","1565630","2454000","367812345","25209385","397041360"
"2021/01/12","11093345","2513210","325537570","20187800","359331925"
"2021/01/11","13826800","0","2400805555","213666150","2628298505"
"2021/01/08","41263050","33415000","686981715","29220900","790880665"
"2021/01/07","61603165","6523900","424088640","11821525","504037230"
"2021/01/06","24825","0","365540500","26178880","391744205"
"2021/01/05","10085670","0","485145015","68704995","563935680"
"2021/01/04","10517100","9165000","504791120","39932060","564405280"
"2020/12/30","12650060","1302210","397536925","19755030","431244225"
"2020/12/29","2325375","12222605","333785190","32653840","380987010"
"2020/12/28","15587625","85034495","616704515","21992570","739319205"
"2020/12/24","803700","2135579295","263536065","23407895","2423326955"
"2020/12/23","37134300","6110645","472039800","113306185","628590930"
"2020/12/22","1558310","29481555","942922970","42303950","1016266785"
"2020/12/21","7685840","16965000","618316310","66314035","709281185"
"2020/12/18","111501625","0","712698010","90879040","915078675"
"2020/12/17","31641345","2442410","1813700750","113468075","1961252580"
"2020/12/16","62763590","0","5306508230","246249125","5615520945"
"2020/12/15","19980","0","555024055","10684920","565728955"
"2020/12/14","16379895","0","613089555","53262975","682732425"
"2020/12/11","159790","504670","510998975","14586050","526249485"
"2020/12/10","40396955","21300000","289016115","2320925","353033995"
"2020/12/09","0","10625000","272269490","7807960","290702450"
"2020/12/08","549410","0","730415795","20521005","751486210"
"2020/12/07","32216215","0","570898960","43197745","646312920"
"2020/12/04","31044900","0","1847762815","126288000","2005095715"
"2020/12/03","21936870","52355000","308346860","4129185","386767915"
"2020/12/02","16176320","5275000","221821900","7027935","250301155"
"2020/12/01","16940","7390000","187325235","596780","195328955"
"2020/11/30","10813000","0","291961305","4759315","307533620"
"2020/11/27","2518885","0","189925165","395450","192839500"
"2020/11/26","3240","5401760","210424250","8672615","224501865"
"2020/11/25","401055","32912500","832607155","27143310","893064020"
"2020/11/24","125815","125985","1647480145","44583775","1692315720"
"2020/11/23","6724570","6546285","1395132475","108966965","1517370295"
"2020/11/20","0","0","179353630","12402770","191756400"
"2020/11/19","2702060","34250000","354765700","18438065","410155825"
"2020/11/18","424675","9375000","895795595","70785535","976380805"
"2020/11/17","20650","10840","784557350","10993540","795582380"
"2020/11/16","5447300","15525000","1247167820","27174915","1295315035"
"2020/11/13","18248095","70720000","3662793450","86907325","3838668870"
"2020/11/12","25878852","203677169","5603525076","64153941","5897235038"
"2020/11/11","9087252","28697487","3864534558","103678146","4005997443"
"2020/11/10","18304","13345040","125838121","1808680","141010145"
"2020/11/09","301193","44738497","101812537","6960076","153812303"
"2020/11/06","466479","27047268","71055425","0","98569172"
"2020/11/05","0","48217352","47183101","521322","95921775"
"2020/11/04","201400","17534626","53180811","0","70916837"
"2020/11/03","2624097","2280000","73578071","4475544","82957712"
"2020/11/02","616640","7960","86434471","9241094","96300165"
"2020/10/30","8856269","62045213","223924610","4973409","299799501"
"2020/10/29","26741607","79753701","216843749","16153880","339492937"
"2020/10/28","9924814","0","109340460","3108564","122373838"
"2020/10/27","25489920","8012030","70692701","819702","105014353"
"2020/10/26","253230","48630000","117236201","3006504","169125935"
"2020/10/23","52922836","8930968","78491006","4336160","144680970"
"2020/10/22","15040568","0","25875855","2440580","43357003"
"2020/10/21","2034558","0","169414973","7858407","179307938"
"2020/10/20","2085170","2147180","88035331","650422","92918103"
"2020/10/19","0","1959330","295205845","6499388","303664563"
"2020/10/16","215155","20602110","504147232","29440950","554405447"
"2020/10/15","1638375","0","395385724","3199091","400223190"
"2020/10/14","392473","0","81529838","6978235","88900546"
"2020/10/13","2465155","8661956","123589617","560490","135277218"
"2020/10/12","53751","57431056","154453426","11590644","223528877"
"2020/10/08","3484772","15531640","86172040","1009576","106198028"
"2020/10/07","781765","3870","21497313","0","22282948"
"2020/10/06","7775","0","43217698","0","43225473"
"2020/10/05","1565714","2453800","29832815","988900","34841229"
"2020/09/29","778","2587029","40491839","0","43079646"
"2020/09/28","17816","0","17797814","452880","18268510"
"2020/09/25","320302","3825000","24141095","539441","28825838"
"2020/09/24","2016005","7637705","35485299","2832204","47971213"
"2020/09/23","2073449","11620","78029998","0","80115067"
"2020/09/22","19370","38126350","106360601","23254310","167760631"
"2020/09/21","13965","67842064","116954526","5021031","189831586"
"2020/09/18","732002","4837390","56269846","0","61839238"
"2020/09/17","947727","3870","45196724","5542986","51691307"
"2020/09/16","4058898","7750000","187107480","5398036","204314414"
"2020/09/15","4005975","20236284","121991861","11338704","157572824"
"2020/09/14","785","23030136","70075810","15314624","108421355"
"2020/09/11","212192","783000","35312403","14098169","50405764"
"2020/09/10","98175","0","82493263","1245139","83836577"
"2020/09/09","453474","22679053","110773163","3016082","136921772"
"2020/09/08","0","7740000","134620361","2445312","144805673"
"2020/09/07","530440","777600","163718710","1653787","166680537"
"2020/09/04","20493","34297789","96847355","2450077","133615714"
"2020/09/03","19811","25912588","92272613","0","118205012"
"2020/09/02","2274","11187852","62761734","2592360","76544220"
"2020/09/01","1017610","20285340","191550518","9348320","222201788"
"2020/08/31","1499","0","82989482","2934132","85925113"
"2020/08/28","270266","22436508","30320329","1776278","54803381"
"2020/08/27","327984","11150","61969846","372500","62681480"
"2020/08/26","173470","7465","45542876","2194822","47918633"
"2020/08/25","2585947",,"54940071","260354","57786372"
"2020/08/24","1936274","29078","41090203","2486442","45541997"
"2020/08/21","3785528","14800000","128131232","3721407","150438167"
"2020/08/20","5286944","7900000","188708228","3114480","205009652"
"2020/08/19","4090316","0","89135954","3575552","96801822"
"2020/08/18","4657443","0","238730309","3932786","247320538"
"2020/08/14","278616","0","83991435","0","84270051"
"2020/08/13","75800","0","90401994","0","90477794"
"2020/08/12","1510","71250","60049690","2275560","62398010"
"2020/08/11","822084","0","48623337","1087548","50532969"
"2020/08/10","77659","0","72856565","0","72934224"
"2020/08/07","252091","20255000","48109972","555060","69172123"
"2020/08/06","427058","15180","20715419","385295","21542952"
"2020/08/05","117177","11270","56159663","0","56288110"
"2020/08/04","0","0","38307081","752","38307833"
"2020/08/03","4430123","52276325","113538477","3398720","173643645"
"2020/07/31","333006","3755","60797172","0","61133933"
"2020/07/30","59417","0","102218041","2129294","104406752"
"2020/07/29","52710","7517520","27836891","0","35407121"
"2020/07/28","535099","6401310","92467245","0","99403654"
"2020/07/27","106918","73301035","48934748","0","122342701"
"2020/07/24","23489","51716860","27247513","0","78987862"
"2020/07/23","2554542","7625","57728326","263088","60553581"
"2020/07/22","87505","7675","45304789","0","45399969"
"2020/07/21","225315","7645","92224845","0","92457805"
"2020/07/20","78856","7660","58400902","0","58487418"
"2020/07/17","25300","3825","43922356","0","43951481"
"2020/07/16","9084","5645825","54067009","0","59721918"
"2020/07/15","1503493","7570","63226481",,"64737544"
"2020/07/14","2532038","0","45999184",,"48531222"
"2020/07/13","191453","15220","149291012","3691611","153189296"
"2020/07/10","2532356","0","1192403920","45441164","1240377440"
"2020/07/09","18952197","29648645","283889222","1906980","334397044"
"2020/07/08","21207","0","31102596","0","31123803"
"2020/07/07","75243","0","56473334",,"56548577"
"2020/07/06","130047","0","78597250",,"78727297"
"2020/07/03","28002","15130","16020507",,"16063639"
"2020/07/02","95230","7580","27547381","0","27650191"
"2020/07/01","94842","0","29957714","2107647","32160203"
"2020/06/30","43076","10415609","57682769",,"68141454"
"2020/06/29","1803326","8250","107766848","495000","110073424"
"2020/06/26","532317","15140","30899696","0","31447153"
"2020/06/25","193575","33960","56896089","0","57123624"
"2020/06/24","2067458","0","70437810","0","72505268"
"2020/06/23","102279","0","16472417",,"16574696"
"2020/06/22","72063","0","39821443",,"39893506"
"2020/06/19","2692710","10618","45620285","0","48323613"
"2020/06/18","2118656","22610","44345011","0","46486277"
"2020/06/17","1596711","28642535","154074146","150400","184463792"
"2020/06/16","11580767","19183040","189946543","0","220710350"
"2020/06/15","7048663","19895692","100788881","1522","127734758"
"2020/06/12","1299783","15375660","174731277","25007020","216413740"
"2020/06/11","15387160","18810644","95873105","3925","130074834"
"2020/06/10","9334283","7990","141050979","0","150393252"
"2020/06/09","10998580","15960","111938109","10016000","132968649"
"2020/06/08","1439194","0","92133078","0","93572272"
"2020/06/05","2083147",,"143259224","0","145342371"
"2020/06/04","4245351","4020","92149279","1070450","97469100"
"2020/06/03","17071050",,"132040380","808158","149919588"
"2020/06/02","493385","7119808","123995638","1234796","132843627"
"2020/06/01","9763259","0","83508747","0","93272006"
"2020/05/29","333398","8579880","76287388","3517964","88718630"
"2020/05/28","10590178","3106000","180587937","3165450","197449565"
"2020/05/27","11070326","7770","92718472","778","103797346"
"2020/05/26","1655309","0","74710693","0","76366002"
"2020/05/25","4177135","796260","30260253","0","35233648"
"2020/05/22","10930082","4636770","77573258","0","93140110"
"2020/05/21","72319","1550","122125703","42655990","164855562"
"2020/05/20","5408","0","70423640","1228800","71657848"
"2020/05/19","5010264","1557865","111139468","1605262","119312859"
"2020/05/18","105633","860462","107414693","3770","108384558"
"2020/05/15","66666","15211190","132237501","2805864","150321221"
"2020/05/14","2927426","38130","114618647","772414","118356617"
"2020/05/13","87422","15340","91080681","1872298","93055741"
"2020/05/12","516068","15620","118080670","0","118612358"
"2020/05/11","114194","7870","125525326","1122225","126769615"
"2020/05/08","140530","0","123949724","0","124090254"
"2020/05/07","584358","283670","100783299","451078","102102405"
"2020/05/06","296343","1079240","155900242","2373","157278198"
"2020/05/04","60024677","1584000","49475664","0","111084341"
"2020/04/29","64690309","0","206420785","28278521","299389615"
"2020/04/28","67307972","15960","200751301","10374760","278449993"
"2020/04/27","57089236","0","82434601","790772","140314609"
"2020/04/24","38641076","23960","67033677","0","105698713"
"2020/04/23","2484117","0","94959923","2485036","99929076"
"2020/04/22","79075024","15930","75726166","15846837","170663957"
"2020/04/21","99928291","11960","259542545","22144916","381627712"
"2020/04/20","9459373","20110","125872820","9557047","144909350"
"2020/04/17","58029248","0","166414734","24743658","249187640"
"2020/04/16","71800201","15790","258860103","42412618","373088712"
"2020/04/14","2133651","0","279022672","12348411","293504734"
"2020/04/13","2043265","24060","195272932","2498600","199838857"
"2020/04/10","2555964","11970","267281932","12155654","282005520"
"2020/04/09","2216942",,"166097273","12706037","181020252"
"2020/04/08","1729020","23100","133764590","13821768","149338478"
"2020/04/07","779","0","167165961","10458648","177625388"
"2020/04/06","8525665","390690","289332470","11508267","309757092"
"2020/04/03","8309241","43618","93503969","1542","101858370"
"2020/04/02","20437","8327","137854987","2825000","140708751"
"2020/04/01","2543689","22940","199576354","6708156","208851139"
"2020/03/31","3744074","22880","107048684","1329565","112145203"
"2020/03/30","2050928","7380","88603411","12469335","103131054"
"2020/03/27","8722618","0","133824788","21391395","163938801"
"2020/03/26","22480223","15505400","110913985","19366775","168266383"
"2020/03/25","26085967","0","79747553","15766423","121599943"
"2020/03/24","16849472","32409960","37222110","21413037","107894579"
"2020/03/23","8117160","98126821","88602250","18134144","212980375"
"2020/03/20","37279198","20591092","83635969","26990520","168496779"
"2020/03/19","20352","339891688","328673143","34506384","703091567"
"2020/03/18","19166606","34737810","94023273","9951791","157879480"
"2020/03/17","8524151","73094954","117061913","29165563","227846581"
"2020/03/16","2828084","11790458","61199420","18752893","94570855"
"2020/03/13","38824","358347997","311774051","44905228","715066100"
"2020/03/12","23665360","161125730","178380715","51113998","414285803"
"2020/03/11","28906644","113882573","185567777","19321046","347678040"
"2020/03/10","8173825","62249767","105000673","26110531","201534796"
"2020/03/09","12627168","29336327","173912243","13777114","229652852"
"2020/03/06","13507929","12940","173518225","162892","187201986"
"2020/03/05","22502662","13065","158927870","35866473","217310070"
"2020/03/04","8304120","759440","133150553","14219349","156433462"
"2020/03/03","9589863","805489","75665460","46151250","132212062"
"2020/03/02","12039158","15159697","156177809","50900000","234276664"
"2020/02/28","34691797","42743832","356796174","32535087","466766890"
"2020/02/27","33147255","2656250","156411758","31604464","223819727"
"2020/02/26","23761505","4370","176943433","2320557","203029865"
"2020/02/25","34470572","8690","135317275","14488720","184285257"
"2020/02/24","68731529","29483126","517350507","36985860","652551022"
"2020/02/21","17283468","4594135","312842697","11578745","346299045"
"2020/02/20","3193583","9295","141654407","15577222","160434507"
"2020/02/19","5605068","2311725","126975975","5449894","140342662"
"2020/02/18","97255","4620000","107501802","275610","112494667"
"2020/02/17","7258206","0","144862932","13792841","165913979"
"2020/02/14","925219","0","430351682","21221190","452498091"
"2020/02/13","22002399","9465","225575409","23536348","271123621"
"2020/02/12","19244009","9410","278660486","12437046","310350951"
"2020/02/11","7409664","0","345154146","4375044","356938854"
"2020/02/10","8063648","0","860163022","103867084","972093754"
"2020/02/07","10142","0","295384640","7784092","303178874"
"2020/02/06","9200","4600","175761505","856596","176631901"
"2020/02/05","35532726","13770","202669743","7320320","245536559"
"2020/02/04","28855679","9215","126556119","6341898","161762911"
"2020/02/03","45767106","4535","292165804","40634338","378571783"
"2020/01/31","89466202","0","285783302","25906739","401156243"
"2020/01/30","74835535","9292040","207319214","18406952","309853741"
"2020/01/29","4217764","0","161127134","25268280","190613178"
"2020/01/28","98456699","13710","442251630","32298286","573020325"
"2020/01/23","55854779","0","80125445","96096","136076320"
"2020/01/22","25456356","4630","131239491","0","156700477"
"2020/01/21","33282578","0","164404335","6745231","204432144"
"2020/01/20","45342558","9295","330364558","43351462","419067873"
"2020/01/17","7535944","15072","331412315","37885772","376849103"
"2020/01/16","26428135","6931372","1401505883","77416627","1512282017"
"2020/01/15","4643921","0","419326167","94199264","518169352"
"2020/01/14","39190895","4620","257788295","42067137","339050947"
"2020/01/13","28758519","18445","259397291","5024666","293198921"
"2020/01/10","16272698","13835","260512051","8584644","285383228"
"2020/01/09","8569534","0","332511071","46695366","387775971"
"2020/01/08","38694481","944295","659923965","81282652","780845393"
"2020/01/07","27029516","0","245783562","37131109","309944187"
"2020/01/06","33764465","7599000","434159978","97181899","572705342"
"2020/01/03","16420617","4730","376301086","85178922","477905355"
"2020/01/02","50518","5691","327965117","43174797","371196123"
"2019/12/30","4029852","5715","228394949","34047750","266478266"
"2019/12/27","14634915","4800","925799993","35527716","975967424"
"2019/12/26","49537989","4765","1224899074","46354343","1320796171"
"2019/12/24","8559330","4735","391920857","50493900","450978822"
"2019/12/23","27770830","2889","580517396","11601589","619892704"
"2019/12/20","21271659","0","798639947","39844029","859755635"
"2019/12/19","22185460","0","1763022835","187826138","1973034433"
"2019/12/18","15799485","2826","1417451406","49672669","1482926386"
"2019/12/17","32229105","32307000","7358921274","380940964","7804398343"
"2019/12/16","46100","1213357","143720996","369600","145350053"
"2019/12/13","7596293","0","229511130","2709076","239816499"
"2019/12/12","15290911","0","1564332766","53542986","1633166663"
"2019/12/11","5435102","0","176882057","7130458","189447617"
"2019/12/10","114820518","10092","114568520","1172480","230571610"
"2019/12/09","124300","9202763","98873683","104652","108305398"
"2019/12/06","111756048","0","314251796","1130976","427138820"
"2019/12/05","22645106","0","241239193","28521827","292406126"
"2019/12/04","58063175","0","95222560",,"153285735"
"2019/12/03","4707830","917","53499329","0","58208076"
"2019/12/02","63816928","0","32196652",,"96013580"
"2019/11/29","11038148","0","159802118","4869822","175710088"
"2019/11/28","4862084","2766","188613716","4080408","197558974"
"2019/11/27","3000826","918","100346111",,"103347855"
"2019/11/26","7016213","4585","145891053","0","152911851"
"2019/11/25","45927863","0","124315845","4004752","174248460"
"2019/11/22","4592","0","106081932","0","106086524"
"2019/11/21","118002304","4595","244864806","16850783","379722488"
"2019/11/20","107519183","0","126707695","9302503","243529381"
"2019/11/19","16791771","4620","195278688","10617790","222692869"
"2019/11/18","25775800","1867300","298210657","9370","325863127"
"2019/11/15","16022217","8326310","204151858","0","228500385"
"2019/11/14","2045197","19940125","627040743","27816569","676842634"
"2019/11/13","38893921","27827600","329796507","6678130","403196158"
"2019/11/12","9205520","9200","253267832","47840","262530392"
"2019/11/11","921","5511","241184218","98540","241289190"
"2019/11/08","877971","9190","152626700","29884412","183398273"
"2019/11/07","27591901","10102","305097605","17201341","349900949"
"2019/11/06","5503932","1820","104216379","992810","110714941"
"2019/11/05","12606791","14602","221831611","12057991","246510995"
"2019/11/04","7538035","917","105773653","5610769","118923374"
"2019/11/01","3910385","916","158411181","0","162322482"
"2019/10/31","21586999","918","190619675","5453300","217660892"
"2019/10/30","24933366","2796210","919519271","11726399","958975246"
"2019/10/29","672710","0","110274569","16455","110963734"
"2019/10/28","511130","4368504","79771779","2906695","87558108"
"2019/10/25","1313948","0","89660795","1659397","92634140"
"2019/10/24","1421920","0","69548883","0","70970803"
"2019/10/23","6664318","0","210239663","1949562","218853543"
"2019/10/22","8003349","265349","76121728",,"84390426"
"2019/10/21","3506649","4433610","131521316","0","139461575"
"2019/10/18","14524004","9385822","159303137","1838044","185051007"
"2019/10/17","34234165","23914","532055351","14046000","580359430"
"2019/10/16","4067388","2889354","67813123","247948","75017813"
"2019/10/15","15006121","1814","323553093","22301368","360862396"
"2019/10/14","6187496","4999406","37031888","0","48218790"
"2019/10/11","3983335","9014417","129728642","0","142726394"
"2019/10/10","4020083","4349141","109658166","0","118027390"
"2019/10/08","19109865","1316770","63913920","2799921","87140476"
"2019/10/07","8824551","772910","58929951","2829184","71356596"
"2019/10/04","8006905","4515","52011201","399186","60421807"
"2019/10/02","6337","4520","55753833","2709","55767399"
"2019/10/01","5017475","453500","121230871","3891180","130593026"
"2019/09/30","4009188","10950","80763977","4008912","88793027"
"2019/09/27","3406992","0","60581160","4846160","68834312"
"2019/09/26","14622","0","127627834","3977890","131620346"
"2019/09/25","11606167","915555","111761498","3304707","127587927"
"2019/09/24","4015546","914580","83060294","1368000","89358420"
"2019/09/23","4286431","4590","88466976","17527449","110285446"
"2019/09/20","14065897","5225884","136929617","229502","156450900"
"2019/09/19","4942613","18405","136299755","0","141260773"
"2019/09/18","33286681","8220","167117426","933039","201345366"
"2019/09/17","45680397","9220","931897104","27730277","1005316998"
"2019/09/16","24007882","9070","205475937","8272582","237765471"
"2019/09/11","9171268","10806","240496204","21120325","270798603"
"2019/09/10","189588390","18025656","9028958017","395298925","9631870988"
"2019/09/09","4156158","4540","701433717","3469936","709064351"
"2019/09/06","8465402","4540","167225675","2595321","178290938"
"2019/09/05","3663615","4505","553230134","5434927","562333181"
"2019/09/04","12486617","9020","85357449","0","97853086"
"2019/09/03","8615920","4395","198616710","7707852","214944877"
"2019/09/02","20676693","8760","69903658","2041164","92630275"
"2019/08/30","18744153","8730","77280598","4611749","100645230"
"2019/08/29","26254560","8705","157122126","4996435","188381826"
"2019/08/28","22328629","8705","96882140","2749977","121969451"
"2019/08/27","13740798","4365","44239571","2142527","60127261"
"2019/08/26","5218","397565","52765849","5570078","58738710"
"2019/08/23","27932309","4360","598852258","45877832","672666759"
"2019/08/22","19293959","895000","215427167","8511922","244128048"
"2019/08/21","12041394","910015","270321325","9347727","292620461"
"2019/08/20","27461434","8580","583012524","10312593","620795131"
"2019/08/19","86912412","4320","512985482","32560643","632462857"
"2019/08/16","11702784","8110","99815249","7283896","118810039"
"2019/08/14","4712550",,"27976885","0","32689435"
"2019/08/13","8316470","8170","49012249","2880714","60217603"
"2019/08/12","13355479",,"79284743","1818793","94459015"
"2019/08/09","9749531","16470","63103218","828988","73698207"
"2019/08/08","6578590","16230","75365997","4426448","86387265"
"2019/08/07","25112535","446271","119411873","18334162","163304841"
"2019/08/06","30006999","16090","107128071","23741031","160892191"
"2019/08/05","10821581","33698150","278551684","11203806","334275221"
"2019/08/02","2300895","95425","87323376","5434011","95153707"
"2019/08/01","12591458","17220","89109522","1792580","103510780"
"2019/07/31","7242228","25820","71431829","7453610","86153487"
"2019/07/30","45073721","0","133812261","13904479","192790461"
"2019/07/29","35182200","26476130","246636274","8481875","316776479"
"2019/07/26","1762","26530","92840570","4082583","96951445"
"2019/07/25","1774","8800000","152652804","3658694","165113272"
"2019/07/24","5778618","8950","108528046","3007015","117322629"
"2019/07/23","11388679","13505","78827642","146374","90376200"
"2019/07/22","11493838","4485","91636404","4690683","107825410"
"2019/07/19","5392","0","125044769","20836935","145887096"
"2019/07/18","46558","4495","89926071","3619800","93596924"
"2019/07/17","16061238","18039634","520688771","14617907","569407550"
"2019/07/16","1806","0","96531364","1450293","97983463"
"2019/07/15","7649805","35383","50704676","3607326","61997190"
"2019/07/12","4552159","33490","113623538","14179204","132388391"
"2019/07/11","4098259","4530","44262890","7993391","56359070"
"2019/07/10","1912708","33495","71543941","1848861","75339005"
"2019/07/09","10140532","177240","200097587","4399318","214814677"
"2019/07/08","6415","158318","190738780","2518968","193422481"
"2019/07/05","5053482","0","173530339","18723158","197306979"
"2019/07/04","1834","4575","141590197","9480880","151077486"
"2019/07/03","2436572","4575","120297186","2168840","124907173"
"2019/07/02","6409","4570","44161131","990150","45162260"
"2019/07/01","12474903","0","123515147","3479220","139469270"
"2019/06/28","1924737","0","124406052","1177155","127507944"
"2019/06/27","2095093","18235","154930116","10561913","167605357"
"2019/06/26","6376","5472","123251378","0","123263226"
"2019/06/25","20759785","27600","190622553","287022","211696960"
"2019/06/24","6218708","9210","131966105","4417658","142611681"
"2019/06/21","9410992","4600000","129451042","1656424","145118458"
"2019/06/20","6450","4600000","183362883","8491810","196461143"
"2019/06/19","247902","2781240","66795711","2772","69827625"
"2019/06/18","12839813","27660","196133713","3319365","212320551"
"2019/06/17","4008245","1868418","169817202","17738491","193432356"
"2019/06/14","14892816","846413","153916368","2884102","172539699"
"2019/06/13","6484","32380","131358689","7322905","138720458"
"2019/06/12","13741855","0","420489047","50807742","485038644"
"2019/06/11","1804","54000","104884649","32538641","137479094"
"2019/06/10","3594","13480","102211636","5200976","107429686"
"2019/06/07","5193228","31485","130771994","6942099","142938806"
"2019/06/05","12256070","17960","80279222","21828907","114382159"
"2019/06/04","19646","8935730","256068337","9838060","274861773"
"2019/06/03","1044633","8985890","158727655","3987000","172745178"
"2019/05/31","4006762","9022652","188119196","20367757","221516367"
"2019/05/30","6336","9087090","188476932","11719541","209289899"
"2019/05/29","741855","122605","123567819","5913477","130345756"
"2019/05/28","6367301","0","95007763","4866380","106241444"
"2019/05/27","2071157","32000","60645331","218400","62966888"
"2019/05/24","1808341","31970","156669155","17989357","176498823"
"2019/05/23","8020142","3730285","158577192","14594964","184922583"
"2019/05/22","446520","8023560","124408916","12052714","144931710"
"2019/05/21","4119766","31945","124885299","15735212","144772222"
"2019/05/20","19760715","33153","135186427","27089552","182069847"
"2019/05/17","13670352","27660","155985189","7069475","176752676"
"2019/05/16","5212305","27780","248127762","45006482","298374329"
"2019/05/15","3456001","0","104012885","8885060","116353946"
"2019/05/14","7023051","9104555","141081811","19032012","176241429"
"2019/05/13","4975718","0","110531298","21607057","137114073"
"2019/05/10","40226","25665840","195279955","9213224","230199245"
"2019/05/09","2332964","15180000","423022934","6156013","446691911"
"2019/05/08","515984",,"110686101","1289429","112491514"
"2019/05/07","29786","4650","121016602","26639041","147690079"
"2019/05/03","11162",,"100197604","391020","100599786"
"2019/05/02","15405621","500580","176298776","2617454","194822431"
"2019/04/30","12303535","40822","214753705","5789334","232887396"
"2019/04/29","14054445","1087408","102032974","6393470","123568297"
"2019/04/26","50854369","14287345","489794763","33204374","588140851"
"2019/04/25","3340770",,"243800420","5524232","252665422"
"2019/04/24","11961857","1500211","159527885","13687547","186677500"
"2019/04/23","15045308",,"493276752","22965359","531287419"
"2019/04/22","8256218",,"201088158","48786009","258130385"
"2019/04/19","9177860","4720","270601047","9870295","289653922"
"2019/04/18","12125801","0","287737540","3100104","302963445"
"2019/04/17","26370099","0","614866001","89152845","730388945"
"2019/04/16","118235","0","298219917","18413261","316751413"
"2019/04/15","12702044","0","268574925","17318674","298595643"
"2019/04/12","10664344","656600","251196369","6842908","269360221"
"2019/04/11","7728963","0","126881253","17048546","151658762"
"2019/04/10","16089241","93600","161269010","1371509","178823360"
"2019/04/09","119964","0","193978336","1463147","195561447"
"2019/04/08","3584216","0","179069527","11242772","193896515"
"2019/04/05","11579708","8591115","188299330","141880","208612033"
"2019/04/04","92299000","27845","482312371","3832378","578471594"
"2019/04/03","22786607","2781","165346272","19384788","207520448"
"2019/04/02","7611840","4615","211509367","5241510","224367332"
"2019/04/01","17068497","0","182291823","19332291","218692611"
"2019/03/29","12035903","9190000","223346526","5751220","250323649"
"2019/03/28","27928","37715210","184681174","99617","222523929"
"2019/03/27","4869706","6570450","193446125","7178229","212064510"
"2019/03/26","4256649","12414570","111876412","3383453","131931084"
"2019/03/25","5859837","14144","227870119","6650645","240394745"
"2019/03/22","4687969","47400950","242573961","6226958","300889838"
"2019/03/21","12003950","12501","282438806","4553896","299009153"
"2019/03/20","26533266","47500000","308300973","26097959","408432198"
"2019/03/19","14829470","0","202238540","16432531","233500541"
"2019/03/18","14897675",,"140510548","33167430","188575653"
"2019/03/15","10502640","2868","347502788","20330051","378338347"
"2019/03/14","15343190","0","149735372","52617464","217696026"
"2019/03/13","24730287",,"109845582","19799783","154375652"
"2019/03/12","25112522","0","169725870","46000221","240838613"
"2019/03/11","5129976",,"275498210","31307580","311935766"
"2019/03/08","41050874",,"323921335","21887565","386859774"
"2019/03/07","18039372",,"333877800","21667303","373584475"
"2019/03/06","6076822",,"219333490","12214579","237624891"
"2019/03/05","25371966","4910","240165781","22499914","288042571"
"2019/03/04","11561828",,"176892746","47564637","236019211"
"2019/02/28","2030","0","1134787408","120766287","1255555725"
"2019/02/27","13822290",,"341790354","55333862","410946506"
"2019/02/26","16649508","268800","1242637607","33793930","1293349845"
"2019/02/25","18311501","49637120","1076901447","30428793","1175278861"
"2019/02/22","10866905","3992","728864564","37661521","777396982"
"2019/02/21","2010",,"731746884","103967496","835716390"
"2019/02/20","2040",,"465120255","7068395","472190690"
"2019/02/19","9161459",,"1139838809","116636740","1265637008"
"2019/02/18","2080",,"815943140","56766980","872712200"
"2019/02/15","2120","0","1061993225","76304920","1138300265"
"2019/02/14","2170","0","829890285","18343970","848236425"
"2019/02/13","4300","2160000","1415317865","50938530","1468420695"
"2019/02/12","4023535","0","821674020","8028215","833725770"
"2019/02/11","2025060",,"1168539060","72028425","1242592545"
"2019/02/08","8044790","100000000","616916330","70008575","794969695"
"2019/02/07","11274370",,"1321468550","154860685","1487603605"
"2019/02/01","121265","449350","770314580","145240525","916125720"
"2019/01/31","7635","4423800","1350494115","60334375","1415259925"
"2019/01/30","8039315","0","1643114600","163024765","1814178680"
"2019/01/29","2200","105000000","1425726750","117997070","1648726020"
"2019/01/28","4057040",,"1645739045","141078180","1790874265"
"2019/01/25","2280",,"763414285","11796670","775213235"
"2019/01/24","2310",,"432687035","10456275","443145620"
"2019/01/23","3716690","0","401884760","6458600","412060050"
"2019/01/22","0",,"1064546540","58345310","1122891850"
"2019/01/21","35370","5498060","508412920","2852230","516798580"
"2019/01/18","2280",,"639225335","24658705","663886320"
"2019/01/17","4040680",,"806269240","119195220","929505140"
"2019/01/16","12127360",,"1184237575","88502050","1284866985"
"2019/01/15","4052015",,"1036235035","55510505","1095797555"
"2019/01/14","4079085",,"1512832205","131191370","1648102660"
"2019/01/11","12103655","0","897847825","75394310","985345790"
"2019/01/10","2769310","0","1284024080","78152475","1364945865"
"2019/01/09","2630","0","1004704170","59794165","1064500965"
"2019/01/08","2620","0","2807013350","96949710","2903965680"
"2019/01/07","2600",,"3174858685","156091875","3330953160"
"2019/01/04","2340",,"1946400225","126508300","2072910865"
"2019/01/03","2360","0","877783220","25973365","903758945"
"2019/01/02","2320",,"1027616555","6758275","1034377150"