일자,기관 합계,기타법인,개인,외국인 합계,전체
"2023/05/04","316190370","1535050","165358390","46867990","529951800"
"2023/05/03","160799830","16526670","77057250","17940230","272323980"
"2023/05/02","243018800","12291170","114375140","58691560","428376670"
"2023/04/28","265776430","3252300","63757650","26048120","358834500"
"2023/04/27","166359560","1502130","166524110","38668820","373054620"
"2023/04/26","112787330","8491460","161987100","204399300","487665190"
"2023/04/25","306256035","1658910","98665190","134737575","541317710"
"2023/04/24","241739425","11092855","338961175","28753740","620547195"
"2023/04/21","221887990","4718490","88982650","40787850","356376980"
"2023/04/20","249783610","1719240","130413270","128783410","510699530"
"2023/04/19","188361920","4146430","133463010","37520170","363491530"
"2023/04/18","253603140","3049230","147380300","25033580","429066250"
"2023/04/17","219316660","3017400","144661470","33208730","400204260"
"2023/04/14","202247150","29311780","286655940","176819540","695034410"
"2023/04/13","225142715","54285120","60239955","84669800","424337590"
"2023/04/12","177780130","2144440","137052030","52980930","369957530"
"2023/04/11","165191395","1883635","127048465","718455","294841950"
"2023/04/10","80708050","1639760","114038420","14975","196401205"
"2023/04/07","193685010","1504770","141554480","181080","336925340"
"2023/04/06","88157080","1575460","59190340","13984950","162907830"
"2023/04/05","188492190","1503360","56334900","135310","246465760"
"2023/04/04","100033915","2995960","116997500","107730080","327757455"
"2023/04/03","72266535","1901730","70937460","3672545","148778270"
"2023/03/31","107244420","448725","57991885","8453530","174138560"
"2023/03/30","44989415","296400","147967175","5089340","198342330"
"2023/03/29","75306790","293850","322006760","84750490","482357890"
"2023/03/28","90753275","1909415","63404350","10712505","166779545"
"2023/03/27","259634010","1678105","110937080","26978375","399227570"
"2023/03/24","38245290","1629360","35611670","18019260","93505580"
"2023/03/23","93257010","1503960","149659600","26806190","271226760"
"2023/03/22","96580860","1691140","89784990","4078410","192135400"
"2023/03/21","91435900","1576150","52225970","749710","145987730"
"2023/03/20","68556885","15751440","55140360","16412760","155861445"
"2023/03/17","87307930","16567530","36883600","4172450","144931510"
"2023/03/16","99339460","1589680","77680725","56591165","235201030"
"2023/03/15","124890290","1505170","52657400","63126855","242179715"
"2023/03/14","123208035","3494990","182263505","12136960","321103490"
"2023/03/13","122794580","1705160","134905400","26014730","285419870"
"2023/03/10","112629620","1715120","44825400","15184060","174354200"
"2023/03/09","68850260","4664880","111801970","21166780","206483890"
"2023/03/08","54522430","1714070","43364530","10120","99611150"
"2023/03/07","67484130","1823700","102901260","9239730","181448820"
"2023/03/06","49964340","2519860","61776240","1502690","115763130"
"2023/03/03","48913860","1411000","67699680","5816940","123841480"
"2023/03/02","37187120","2824970","147506980","80750810","268269880"
"2023/02/28","68923530","1912700","57966820","16802500","145605550"
"2023/02/27","63523160","3238080","56148580","9210700","132120520"
"2023/02/24","125913830","1879030","69275640","6237640","203306140"
"2023/02/23","149254010","2025130","50148380","6327000","207754520"
"2023/02/22","115654390","1503680","38839040","675520","156672630"
"2023/02/21","114691310","1538050","78410860","16177730","210817950"
"2023/02/20","160671980","10090800","145810230","36658130","353231140"
"2023/02/17","70689090","9496690","81378160","4638870","166202810"
"2023/02/16","91103000","26809920","162386520","42663990","322963430"
"2023/02/15","73438790","14885550","27764200","1857570","117946110"
"2023/02/14","64177770","83350","136930590","18604390","219796100"
"2023/02/13","95763410","2471360","58468280","26527870","183230920"
"2023/02/10","76302470","108250","146581830","14302750","237295300"
"2023/02/09","89023570","0","267326910","546200","356896680"
"2023/02/08","114988480","0","107127990","21766720","243883190"
"2023/02/07","94381260","31340","52528510","10764760","157705870"
"2023/02/06","118134930","5307770","58557690","1516900","183517290"
"2023/02/03","22184900","1021360","34875190","0","58081450"
"2023/02/02","145576130","52910","94629600","40986470","281245110"
"2023/02/01","77089830",,"151791190","1646380","230527400"
"2023/01/31","91683660","20980","131703720","2572720","225981080"
"2023/01/30","141962370","96860","69607060","1103310","212769600"
"2023/01/27","110372470","669590","121777420","55878760","288698240"
"2023/01/26","198800110","0","77267130","44126520","320193760"
"2023/01/25","80682270","0","117293700","5107160","203083130"
"2023/01/20","254160120","359180","365810770","78354670","698684740"
"2023/01/19","121888560","2744000","33109100","3005270","160746930"
"2023/01/18","269002800","2737480","113730110","18495390","403965780"
"2023/01/17","308426960","2740930","44469250","187774570","543411710"
"2023/01/16","191728480","2709360","120896210","33519200","348853250"
"2023/01/13","160548870","2706770","24860700","3931320","192047660"
"2023/01/12","162624250","2693390","141189720","42568360","349075720"
"2023/01/11","59258650","2700370","68818460","3930520","134708000"
"2023/01/10","77668590","2702000","56236620","3317950","139925160"
"2023/01/09","157198040","27778360","101360740","172800","286509940"
"2023/01/06","251589320","2699350","35137880","19176510","308603060"
"2023/01/05","152302920","2706280","49952370","46924190","251885760"
"2023/01/04","133795590","14655000","66071430","15745910","230267930"
"2023/01/03","316967270","2704720","44906150","15464050","380042190"
"2023/01/02","201711670","2712800","48489800","31574450","284488720"
"2022/12/29","272012230","2692350","92065260","5625410","372395250"
"2022/12/28","201600060","4003750","58263850","3041610","266909270"
"2022/12/27","213554390","2703000","59156890","45624410","321038690"
"2022/12/26","526056470","2699300","114787790","44629500","688173060"
"2022/12/23","858437200","2992540","87910750","72072280","1021412770"
"2022/12/22","328444190","2615200","60857290","8675940","400592620"
"2022/12/21","684404860","2610430","21549630","119342530","827907450"
"2022/12/20","643647320","2551000","89484540","16338150","752021010"
"2022/12/19","409209675","111890","106082650","96265940","611670155"
"2022/12/16","694427395","5070","137398795","145034535","976865795"
"2022/12/15","287050090","4980000","69814945","45565675","407410710"
"2022/12/14","339071705","0","79322190","60023780","478417675"
"2022/12/13","211388220","3491370","103967155","31671155","350517900"
"2022/12/12","151813170","2051195","76693135","36263835","266821335"
"2022/12/09","195570070","4945000","69590600","6919125","277024795"
"2022/12/08","147964160","503000","40199860","639820","189306840"
"2022/12/07","200803255","0","59258265","1142830","261204350"
"2022/12/06","89259235","9985","124075270","1620450","214964940"
"2022/12/05","227571960","9945000","70966700","13315175","321798835"
"2022/12/02","201148255",,"133974805","23059430","358182490"
"2022/12/01","187537065","0","207084120","28017620","422638805"
"2022/11/30","208537795","24739000","243663470","62014660","538954925"
"2022/11/29","100434690",,"111528305","39729265","251692260"
"2022/11/28","195783000","1860550","125132050","6849670","329625270"
"2022/11/25","171513135","0","145648625","49693335","366855095"
"2022/11/24","180903935","0","72391490","30154740","283450165"
"2022/11/23","79375075","4915","78614435","7429675","165424100"
"2022/11/22","123023935","923400","66975750","135730","191058815"
"2022/11/21","185144930",,"79110965","39220","264295115"
"2022/11/18","136240640",,"78669825","6754025","221664490"
"2022/11/17","145983095",,"106146485","18960520","271090100"
"2022/11/16","399810130","20148210","84712155","97036475","601706970"
"2022/11/15","138160940",,"135055775","10088580","283305295"
"2022/11/14","72022340",,"282710865","31857715","386590920"
"2022/11/11","275930620",,"243330860","70837420","590098900"
"2022/11/10","125617445","930000","91050065","4863990","222461500"
"2022/11/09","125248640",,"127044990","16947375","269241005"
"2022/11/08","73962440","24582885","113505185","46572355","258622865"
"2022/11/07","108185900","55229880","188585195","29864015","381864990"
"2022/11/04","112637720","1369210","65675305","1415430","181097665"
"2022/11/03","99026630","19740225","75283000","4209055","198258910"
"2022/11/02","244154300","46601600","83068200","147653800","521477900"
"2022/11/01","133989895","14220500","206229510","275278100","629718005"
"2022/10/31","152323775","10662455","254825275","883130","418694635"
"2022/10/28","212705360","4539480","206198625","69102475","492545940"
"2022/10/27","390032800","17994600","159719110","170913735","738660245"
"2022/10/26","146725375","7012000","97326165","5489950","256553490"
"2022/10/25","170776750","0","107499380","36685250","314961380"
"2022/10/24","310450035","5344610","216537685","56273595","588605925"
"2022/10/21","509590295","1653870","396403790","172216815","1079864770"
"2022/10/20","296137755","4304500","240016190","88523350","628981795"
"2022/10/19","357259010","78703220","262303590","68439410","766705230"
"2022/10/18","401139870","22372895","307698215","165296590","896507570"
"2022/10/17","321380085","158384435","461310810","51408205","992483535"
"2022/10/14","316892690","102026525","253186250","52314055","724419520"
"2022/10/13","198197295","254103870","271410145","18751645","742462955"
"2022/10/12","125958230","72866365","108297295","25227550","332349440"
"2022/10/11","72284590","14163900","110203330","18043815","214695635"
"2022/10/07","192131250","11558450","215484905","189140055","608314660"
"2022/10/06","127182145","126776460","223903620","10720920","488583145"
"2022/10/05","75099845","16752085","150592785","26568950","269013665"
"2022/10/04","144455155","213524880","247578230","19056295","624614560"
"2022/09/30","219403340","0","317477620","48852685","585733645"
"2022/09/29","129367055","62535750","288584745","113757905","594245455"
"2022/09/28","54686425","68055665","373711075","26783795","523236960"
"2022/09/27","138998215","0","188216245","23934630","351149090"
"2022/09/26","235322600","71593055","198428610","23462895","528807160"
"2022/09/23","121785420","48670820","121707860","6418660","298582760"
"2022/09/22","133802840","51602400","71250380","4995710","261651330"
"2022/09/21","149082460","72134310","53037890","58441770","332696430"
"2022/09/20","113470070","51387750","80597180","82175940","327630940"
"2022/09/19","78582240","84403880","458865450","39787040","661638610"
"2022/09/16","91067650","23517800","345898700","43828550","504312700"
"2022/09/15","161684860","2540880","165604030","39907420","369737190"
"2022/09/14","217135730","10280","65249510","50300080","332695600"
"2022/09/13","422515500","0","196589070","102404200","721508770"
"2022/09/08","134908470","5160","375440790","55232970","565587390"
"2022/09/07","218889010","24360560","297907000","32879410","574035980"
"2022/09/06","99078190","5270000","171146950","112194530","387689670"
"2022/09/05","40411320","33033750","259458260","26833720","359737050"
"2022/09/02","126952330","11474400","246965370","50145330","435537430"
"2022/09/01","87352740","21105280","310805100","29200220","448463340"
"2022/08/31","83229320","5300000","238364110","7909010","334802440"
"2022/08/30","230327500","0","901545570","49328790","1181201860"
"2022/08/29","816813860","25685800","494588180","35146540","1372234380"
"2022/08/26","209826210","11622810","155266950","700550","377416520"
"2022/08/25","220186630","0","182497150","27790200","430473980"
"2022/08/24","156273400","3374500","385503890","15153000","560304790"
"2022/08/23","265387570","10242780","221822140","69388890","566841380"
"2022/08/22","161460160","553000","263622860","48460440","474096460"
"2022/08/19","157954680","5590","153743100","51223010","362926380"
"2022/08/18","258907770","583850","250430610","99717220","609639450"
"2022/08/17","315819890","0","59892030","28368750","404080670"
"2022/08/16","487457140","16740000","135142770","93971320","733311230"
"2022/08/12","229069510",,"127253820","101601140","457924470"
"2022/08/11","274833910","999000","212252050","48482680","536567640"
"2022/08/10","181544780","0","140686620","63722620","385954020"
"2022/08/09","42954500","0","96982270","6993490","146930260"
"2022/08/08","96554400","1195700","91790420","8390290","197930810"
"2022/08/05","179330590","110601580","124611920","30242800","444786890"
"2022/08/04","233167570","412017110","233118340","180558300","1058861320"
"2022/08/03","230368880","2698910","226463330","41362360","500893480"
"2022/08/02","226253460","9663710","204845900","7846090","448609160"
"2022/08/01","390184470","22386640","268744450","1551490","682867050"
"2022/07/29","336143330","1534420","293455330","268431150","899564230"
"2022/07/28","122186820","30603050","230819480","6833160","390442510"
"2022/07/27","120790060","10830000","114933870","31910900","278464830"
"2022/07/26","157564990","5864960","136676500","45817150","345923600"
"2022/07/25","306948980","566309420","565657990","255601840","1694518230"
"2022/07/22","136421980","411711500","328418960","85495570","962048010"
"2022/07/21","141057080","12272400","245584130","1992620","400906230"
"2022/07/20","327302720","71028820","350548460","38324580","787204580"
"2022/07/19","101027660","1262250","232078950","27674010","362042870"
"2022/07/18","505467440","14688350","90424410","12488810","623069010"
"2022/07/15","450012600","28184880","578390370","76872220","1133460070"
"2022/07/14","137991160","56211490","317347840","21403770","532954260"
"2022/07/13","104971210","5610000","781122960","55656240","947360410"
"2022/07/12","136026810","33888350","147586470","28817510","346319140"
"2022/07/11","197015440","11722200","264364890","30706090","503808620"
"2022/07/08","799654680","23208850","40135370","28547030","891545930"
"2022/07/07","220696740","0","81242620","17794690","319734050"
"2022/07/06","274554730","360990","82051810","22664360","379631890"
"2022/07/05","351876900","4947280","84615550","93099490","534539220"
"2022/07/04","149024920","74745520","391401800","86903100","702075340"
"2022/07/01","293220270","17248600","225739540","117902900","654111310"
"2022/06/30","816429390","8698150","146762050","108330190","1080219780"
"2022/06/29","51046570","118831420","320121490","214737000","704736480"
"2022/06/28","320132400","132170030","60917440","104968430","618188300"
"2022/06/27","286862640","115593430","187309660","103048790","692814520"
"2022/06/24","1173640050","119295890","86521260","237423010","1616880210"
"2022/06/23","969322910","254188280","205264770","587536900","2016312860"
"2022/06/22","416603590","56211160","348529370","94254800","915598920"
"2022/06/21","542000510","36867250","261547880","12558400","852974040"
"2022/06/20","570457390","9687390","510015980","517697870","1607858630"
"2022/06/17","215123090","30464880","411892090","33188800","690668860"
"2022/06/16","255494040","12450","372711820","128164460","756382770"
"2022/06/15","280449570","117889250","420029210","36370530","854738560"
"2022/06/14","404057040","203735690","484165940","92255570","1184214240"
"2022/06/13","221587330","187516310","232126100","52265840","693495580"
"2022/06/10","407672880","12624970","411580270","48347210","880225330"
"2022/06/09","136269370","32891840","127499560","26660760","323321530"
"2022/06/08","253123930","169190240","167122510","27176180","616612860"
"2022/06/07","440069930","19674210","73009340","62874760","595628240"
"2022/06/03","493129870","0","112740630","70175970","676046470"
"2022/06/02","223793190","126405960","187702970","57502140","595404260"
"2022/05/31","300004420","42250180","233123650","205978880","781357130"
"2022/05/30","608036270","31486000","904170000","14980210","1558672480"
"2022/05/27","595799020","1607402280","517868720","246300050","2967370070"
"2022/05/26","854646630","1161555130","385808680","104604240","2506614680"
"2022/05/25","7034195930","904268010","218654120","190248430","8347366490"
"2022/05/24","552282560","622713140","264783440","123118130","1562897270"
"2022/05/23","356287440","265492980","393856880","93161990","1108799290"
"2022/05/20","691019250","45483160","233379930","110578220","1080460560"
"2022/05/19","471426160","82750430","750125630","60071130","1364373350"
"2022/05/18","395230140","92602460","240941550","18455130","747229280"
"2022/05/17","761427270","118468230","322884180","13239490","1216019170"
"2022/05/16","599012280","81735550","561447910","105659420","1347855160"
"2022/05/13","732926520","56442590","450029580","74915090","1314313780"
"2022/05/12","668308160","60391780","256217350","78176580","1063093870"
"2022/05/11","641339980","0","691149930","297714430","1630204340"
"2022/05/10","3484067290","359996790","1215007380","561648540","5620720000"
"2022/05/09","31024054440","678215590","992773760","295700380","32990744170"
"2022/05/06","414302450","189200000","478006260","247121820","1328630530"
"2022/05/04","993318550","225808120","1060483010","324777920","2604387600"
"2022/05/03","612431100","39001120","435879360","230653360","1317964940"
"2022/05/02","219429800","207092700","271545170","34065610","732133280"
"2022/04/29","527021730","110749170","142327170","281006810","1061104880"
"2022/04/28","559008880","18711510","362939060","89765100","1030424550"
"2022/04/27","883105190","11775810","213292480","251791590","1359965070"
"2022/04/26","806930680","0","209848890","364413990","1381193560"
"2022/04/25","1071630050","0","483396340","473153480","2028179870"
"2022/04/22","588729030","0","370100330","436722870","1395552230"
"2022/04/21","810479400","0","275187840","285092270","1370759510"
"2022/04/20","463046980","56373400","158719650","324833010","1002973040"
"2022/04/19","725671550","6876920","202871230","332812650","1268232350"
"2022/04/18","683286380","24589100","424850970","163799180","1296525630"
"2022/04/15","985840650","0","335368850","584066540","1905276040"
"2022/04/14","684647080","6920000","277094110","249268370","1217929560"
"2022/04/13","710513850","0","250595680","138790070","1099899600"
"2022/04/12","514353870","0","291631530","324114750","1130100150"
"2022/04/11","409583570","0","352683010","190240580","952507160"
"2022/04/08","674939590","15029090","365981880","283229420","1339179980"
"2022/04/07","661840260","18751500","1867406720","583300860","3131299340"
"2022/04/06","1296390440","6520000","135856490","565204810","2003971740"
"2022/04/05","884933890","20607400","124285740","317474040","1347301070"
"2022/04/04","253687830","18304240","213996350","98085200","584073620"
"2022/04/01","479310630","27347510","576788340","111855940","1195302420"
"2022/03/31","310383390","25948050","185872940","137709770","659914150"
"2022/03/30","197237370","18460530","349555600","125540950","690794450"
"2022/03/29","233337690","20479800","186368540","89112150","529298180"
"2022/03/28","324265190","47849460","261805710","103940580","737860940"
"2022/03/25","136379250","25920980","82223620","36713000","281236850"
"2022/03/24","268567880","142254630","286631930","163712240","861166680"
"2022/03/23","210986520","58422000","45672310","133170650","448251480"
"2022/03/22","487417030","6589200","192059820","156339170","842405220"
"2022/03/21","86658870","4490340","309015810","124236920","524401940"
"2022/03/18","194372720","63389740","182803350","360510320","801076130"
"2022/03/17","149539430","132712470","316534380","63018370","661804650"
"2022/03/16","242315470","45575920","250170080","68030340","606091810"
"2022/03/15","320857630","12927630","777225070","244894160","1355904490"
"2022/03/14","337904330","18191140","215413810","87549540","659058820"
"2022/03/11","378217430","69688640","464099280","372795490","1284800840"
"2022/03/10","413236090","14824620","121955750","151942180","701958640"
"2022/03/08","292797200","11363200","178557500","33713560","516431460"
"2022/03/07","189467830","12671820","247616830","62542650","512299130"
"2022/03/04","558633230","19293270","256614190","593154460","1427695150"
"2022/03/03","256017800","0","99511700","158036170","513565670"
"2022/03/02","898303170","16880430","509417320","173668420","1598269340"
"2022/02/28","173379000",,"147806870","119116040","440301910"
"2022/02/25","338316750",,"108676940","71528160","518521850"
"2022/02/24","274427950","139127670","174301780","188950190","776807590"
"2022/02/23","236600390","390750160","34431570","118233650","780015770"
"2022/02/22","223074200","113114290","31823750","35450650","403462890"
"2022/02/21","229195380","162857660","55767970","111386260","559207270"
"2022/02/18","375668470","0","91998730","154898860","622566060"
"2022/02/17","368007250","60017590","143855220","160156420","732036480"
"2022/02/16","244678180","21549300","92494640","32800930","391523050"
"2022/02/15","310753970","65350000","224098790","130290480","730493240"
"2022/02/14","324816100","13072000","51402850","55206790","444497740"
"2022/02/11","441291930","13140000","411063300","222523430","1088018660"
"2022/02/10","331921110","65000","200593700","106910680","639490490"
"2022/02/09","359544090","0","244414610","261676570","865635270"
"2022/02/08","439410890","20208670","232266780","61478130","753364470"
"2022/02/07","356038090","34554480","451303870","129936300","971832740"
"2022/02/04","799921630","31430660","303368310","596123760","1730844360"
"2022/02/03","328384350","124631480","285936560","397348080","1136300470"
"2022/01/28","316126640","15113500","422694390","310644280","1064578810"
"2022/01/27","322477610","12500000","286617640","127298970","748894220"
"2022/01/26","162221720","327130","117199020","140476790","420224660"
"2022/01/25","248735460","4599990","197522630","169633040","620491120"
"2022/01/24","191318440","15324030","318387590","80539660","605569720"
"2022/01/21","203134080","0","255950010","73673130","532757220"
"2022/01/20","128545250","5139000","102612060","74373880","310670190"
"2022/01/19","240995490","44588680","352595030","96019280","734198480"
"2022/01/18","160311600","27212150","65454380","19256290","272234420"
"2022/01/17","229867770","206962010","232744310","61940460","731514550"
"2022/01/14","231988010","0","74525780","52870440","359384230"
"2022/01/13","163299830","0","83284020","66468730","313052580"
"2022/01/12","156115280","13331340","93521440","20342700","283310760"
"2022/01/11","165697320","34992840","69286720","31924280","301901160"
"2022/01/10","317004580","1098720","68569030","9005650","395677980"
"2022/01/07","305672740","39772970","138921340","15176250","499543300"
"2022/01/06","270331670","0","239987500","94691150","605010320"
"2022/01/05","302804250","7590940","202282590","55936980","568614760"
"2022/01/04","439046200","1438350","107892170","49400070","597776790"
"2022/01/03","505740900","11838480","163833040","63505300","744917720"
"2021/12/30","117032290","646000","187482440","2444680","307605410"
"2021/12/29","65298520","0","248344290","20377550","334020360"
"2021/12/28","483305200","26932620","391880310","71560030","973678160"
"2021/12/27","140753290","0","342294680","145504820","628552790"
"2021/12/24","252396640","33694120","372219180","68617550","726927490"
"2021/12/23","192195460","52416550","224852280","21524270","490988560"
"2021/12/22","150311850","35853110","62153110","99183640","347501710"
"2021/12/21","73818320","629000","319795080","73929960","468172360"
"2021/12/20","84513480","31656440","227906270","17894190","361970380"
"2021/12/17","118382440","0","283425090","35323960","437131490"
"2021/12/16","89373310",,"385171110","60758050","535302470"
"2021/12/15","35648360","0","322561800","20310430","378520590"
"2021/12/14","50721830","0","272624010","89843680","413189520"
"2021/12/13","69920960","19150","425281560","39522640","534744310"
"2021/12/10","72712550","19100080","513435980","104428540","709677150"
"2021/12/09","127464870","38016360","324784800","18818350","509084380"
"2021/12/08","177177440","44380","237315490","7042500","421579810"
"2021/12/07","100509510","10001250","226436360","41000270","377947390"
"2021/12/06","256873050","1004800","353353690","112304530","723536070"
"2021/12/03","379901300","18903970","176965320","489395560","1065166150"
"2021/12/02","348710860","71250120","648068010","463098550","1531127540"
"2021/12/01","587751180","59784530","407198490","135356940","1190091140"
"2021/11/30","767597540","321861750","1439720060","73010440","2602189790"
"2021/11/29","1257998230","0","935791590","197745620","2391535440"
"2021/11/26","852975910","130582590","1103834010","267203000","2354595510"
"2021/11/25","10130571300","0","830591060","50769170","11011931530"
"2021/11/24","138268400","4058800","510609100","208265570","861201870"
"2021/11/23","181769790","39510800","744984630","288519440","1254784660"
"2021/11/22","343021850","1295297180","340800920","229725550","2208845500"
"2021/11/19","378264590","5989910","314379750","88328300","786962550"
"2021/11/18","188164890","369445840","267673370","1559490","826843590"
"2021/11/17","811360230",,"207355330","143085220","1161800780"
"2021/11/16","361619920","727436500","385099280","203929780","1678085480"
"2021/11/15","354854500","6730","153986800","46575000","555423030"
"2021/11/12","274848150","80450","168936980","51326330","495191910"
"2021/11/11","216534980","23437280","135921900","57531990","433426150"
"2021/11/10","288935060","77304730","281555620","35197100","682992510"
"2021/11/09","209114080","0","392329010","59485010","660928100"
"2021/11/08","265084950",,"265910990","20875400","551871340"
"2021/11/05","450557510","63310410","226283660","80444770","820596350"
"2021/11/04","264864850","284519170","681486820","196724660","1427595500"
"2021/11/03","276833440","0","351660060","123216760","751710260"
"2021/11/02","520938290","0","562443270","79065730","1162447290"
"2021/11/01","519734670","0","607394070","199822980","1326951720"
"2021/10/29","604727900","0","683902420","677952060","1966582380"
"2021/10/28","580862010","23996110","989145930","658355220","2252359270"
"2021/10/27","328517730","15029000","242432790","124281140","710260660"
"2021/10/26","149500600","659000","271775820","69118850","491054270"
"2021/10/25","206865150","52560","87943570","2112320","296973600"
"2021/10/22","148644530","57426800","119363550","12061710","337496590"
"2021/10/21","166273410","114244620","170507550","81090290","532115870"
"2021/10/20","252233500","0","382837630","77210070","712281200"
"2021/10/19","417309030","0","1177809940","590348230","2185467200"
"2021/10/18","332065240","11745260","347304160","113550390","804665050"
"2021/10/15","123675140","0","219532830","14385170","357593140"
"2021/10/14","263090890","0","334952970","52672100","650715960"
"2021/10/13","131590060","113822100","191238470","41540500","478191130"
"2021/10/12","85509100","0","277748070","27074950","390332120"
"2021/10/08","188000960","62500000","357777590","49884710","658163260"
"2021/10/07","201979930","18900","154297940","27297630","383594400"
"2021/10/06","228872250","27295580","295642570","100737030","652547430"
"2021/10/05","273073390","133159890","428583850","42388450","877205580"
"2021/10/01","66125570","18963210","255946020","23998210","365033010"
"2021/09/30","149438860","41498580","178486890","28721400","398145730"
"2021/09/29","476532220","268852860","284785060","45203180","1075373320"
"2021/09/28","219718010","252120120","299522880","17079440","788440450"
"2021/09/27","123895090","173868890","645468970","70294520","1013527470"
"2021/09/24","259131420","0","126582240","8954090","394667750"
"2021/09/23","60727870","0","267641440","61424820","389794130"
"2021/09/17","88485500","0","325967780","24515810","438969090"
"2021/09/16","128093440","0","264020650","45583560","437697650"
"2021/09/15","100821240","19459000","854632490","63645010","1038557740"
"2021/09/14","33315080","0","336633050","9133330","379081460"
"2021/09/13","54660220","0","200115790","12480","254788490"
"2021/09/10","34362100","0","174594350","19180690","228137140"
"2021/09/09","108326470","9690730","423567080","75947880","617532160"
"2021/09/08","199939870","12324380","962134080","100147970","1274546300"
"2021/09/07","123270420","13249720","476728720","85762470","699011330"
"2021/09/06","957279630","62385330","1396177530","400835920","2816678410"
"2021/09/03","97782180","14830070","346396220","84240410","543248880"
"2021/09/02","206360130","0","350128690","114494440","670983260"
"2021/09/01","193765610","12184270","457530090","120885750","784365720"
"2021/08/31","155986570","1214000","366439190","46302060","569941820"
"2021/08/30","85137910","5534400","434554510","35250570","560477390"
"2021/08/27","496095060","6127890","471840480","135882190","1109945620"
"2021/08/26","233208720","1380000","307778330","4857690","547224740"
"2021/08/25","296338970","18090000","275144190","122248010","711821170"
"2021/08/24","174944880","74917200","338471350","92355850","680689280"
"2021/08/23","351561830","213497040","265752670","92075490","922887030"
"2021/08/20","504513450","131518400","416927120","167658830","1220617800"
"2021/08/19","608474650","116657980","618892770","165477450","1509502850"
"2021/08/18","324390000","11990000","297984290","56019120","690383410"
"2021/08/17","209813550","74279790","391855110","2474650","678423100"
"2021/08/13","174172320","17199040","332840260","42001510","566213130"
"2021/08/12","25949870","3030000","156640530","5679910","191300310"
"2021/08/11","193416000","0","127543120","48704060","369663180"
"2021/08/10","289459770","0","203436100","51599080","544494950"
"2021/08/09","131746220","0","203961700","7556550","343264470"
"2021/08/06","424886520","0","190562500","60197280","675646300"
"2021/08/05","416178340","31843500","795168030","213909790","1457099660"
"2021/08/04","1063446230","4917790","426297620","125991710","1620653350"
"2021/08/03","143874360","18825040","229724480","7898660","400322540"
"2021/08/02","327261300","5025560","211540680","3759450","547586990"
"2021/07/30","232254470","1105050","447776220","31412230","712547970"
"2021/07/29","337606140","27045000","542335540","45670200","952656880"
"2021/07/28","276548360","87990000","414067650","7855390","786461400"
"2021/07/27","149650910","61447820","455837990","7631280","674568000"
"2021/07/26","124985090","30953070","219909460","435940","376283560"
"2021/07/23","249276920","0","161526590","53739730","464543240"
"2021/07/22","67630870","675400","248323560","33862890","350492720"
"2021/07/21","60635460","92030","122129350","1281790","184138630"
"2021/07/20","176690310","0","182055700","25651810","384397820"
"2021/07/19","269745730","0","222758000","2088200","494591930"
"2021/07/16","48022140","0","197798700","18588340","264409180"
"2021/07/15","382344910","29158920","478278830","27588050","917370710"
"2021/07/14","214719350","65128000","211537010","30700","491415060"
"2021/07/13","70144370","0","178655290","2208860","251008520"
"2021/07/12","144570230","0","201562990","5948590","352081810"
"2021/07/09","304393320","214900","267614410","19613510","591836140"
"2021/07/08","233762920","18530","464777410","46949260","745508120"
"2021/07/07","247788830","11835280","200014580","52378210","512016900"
"2021/07/06","105752670","15526610","280822020","16252260","418353560"
"2021/07/05","139868410","615000","321402190","61282080","523167680"
"2021/07/02","171840730","68991490","333558130","24816510","599206860"
"2021/07/01","164139730","30752150","254324580","19442760","468659220"
"2021/06/30","196130970","60400000","260375160","29919370","546825500"
"2021/06/29","237100880","1004150","350519590","624730","589249350"
"2021/06/28","380461240","0","223658000","0","604119240"
"2021/06/25","307519330","47298000","125562580","7562200","487942110"
"2021/06/24","229760150","113208120","134640590","32014840","509623700"
"2021/06/23","764128690","100041040","299401740","66644520","1230215990"
"2021/06/22","78859030","60477780","122918290","0","262255100"
"2021/06/21","226909800","27967600","289287090","95780120","639944610"
"2021/06/18","144989100","24120000","547617500","54037430","770764030"
"2021/06/17","141073200","32458730","250904240","11425870","435862040"
"2021/06/16","166596780","7346050","580231690","144704160","898878680"
"2021/06/15","376444000","24597360","914841310","47186110","1363068780"
"2021/06/14","277041210","15123070","929658100","19108250","1240930630"
"2021/06/11","622280060","15950280","725152140","12644930","1376027410"
"2021/06/10","134123580","11127510","195764180","7202200","348217470"
"2021/06/09","784560560","33191800","205790790","127377670","1150920820"
"2021/06/08","288096530",,"227133270","26976090","542205890"
"2021/06/07","288440530","0","522651570","0","811092100"
"2021/06/04","269308560","31320460","382438840","20974260","704042120"
"2021/06/03","414361740","142430","1092534800","107610730","1614649700"
"2021/06/02","577136710","62780190","966908080","276749430","1883574410"
"2021/06/01","1163081050","16632560","1282904630","338952360","2801570600"
"2021/05/31","1211363650","29250000","827820500","125136810","2193570960"
"2021/05/28","732184540","40129960","566327070","74901290","1413542860"
"2021/05/27","563225030","34171800","1124135730","102967700","1824500260"
"2021/05/26","184998570","6125150","563806190","2996940","757926850"
"2021/05/25","258389440","16666340","685700770","26697380","987453930"
"2021/05/24","561587500","6343000","414248070","110652680","1092831250"
"2021/05/21","658614210","14351220","783946560","37355010","1494267000"
"2021/05/20","281423590","13552700","790385600","50359330","1135721220"
"2021/05/18","341641830","7056630","439842230","23074720","811615410"
"2021/05/17","220234440","48815570","356566260","10448090","636064360"
"2021/05/14","240041490","35452170","864132560","43214140","1182840360"
"2021/05/13","386280590","52314010","1189634710","129802550","1758031860"
"2021/05/12","919533760","39045760","661104450","55597040","1675281010"
"2021/05/11","861577540","31300590","876341900","77307090","1846527120"
"2021/05/10","688374530","7698000","1200976990","177741280","2074790800"
"2021/05/07","351920700","54440","836390900","119611930","1307977970"
"2021/05/06","366764600","4009910","1191663060","279535680","1841973250"
"2021/05/04","355592940","29500","731663450","52337180","1139623070"
"2021/05/03","328234330","2667410","859809800","178879290","1369590830"
"2021/04/30","413271480","2121220","475127160","53700390","944220250"
"2021/04/29","499722990","764970","456356010","30443280","987287250"
"2021/04/28","356667470","335110","391341960","106412710","854757250"
"2021/04/27","364891840","76172490","371692920","18064460","830821710"
"2021/04/26","440084620","5670","394090280","13113040","847293610"
"2021/04/23","425486790","5640","434654800","103255930","963403160"
"2021/04/22","528198870","596570","778517410","255605510","1562918360"
"2021/04/21","585809740","3859540","761286120","35275160","1386230560"
"2021/04/20","365219260","134014520","761837450","251653170","1512724400"
"2021/04/19","224828770","27548320","587584310","78888070","918849470"
"2021/04/16","391985890","40442440","567622190","104933080","1104983600"
"2021/04/15","441430230","89864160","190930400","43300200","765524990"
"2021/04/14","183287690","15620","342331970","3194250","528829530"
"2021/04/13","283159120","20830","150875290","554150","434609390"
"2021/04/12","212857050","0","347798430","670150","561325630"
"2021/04/09","288039700","15580","319043980","28931760","636031020"
"2021/04/08","257270520","51526730","722250490","10650000","1041697740"
"2021/04/07","385881620","5361500","576103040","38033400","1005379560"
"2021/04/06","388044760","99818220","447714410","147909090","1083486480"
"2021/04/05","319225940","24726250","590474450","248250290","1182676930"
"2021/04/02","470065980","36160","422976170","144585780","1037664090"
"2021/04/01","1105133110","180870430","370171080","33484690","1689659310"
"2021/03/31","377168850","5603720","1009513180","247300670","1639586420"
"2021/03/30","327009380","2798590","285564260","215072730","830444960"
"2021/03/29","564485110","10040","406458960","38496090","1009450200"
"2021/03/26","1247818975","0","256100895","221844315","1725764185"
"2021/03/25","598671985","12142750","841913530","132211440","1584939705"
"2021/03/24","313135080","19870630","250551635","16311685","599869030"
"2021/03/23","452054615","59230","318840850","13695995","784650690"
"2021/03/22","284039990","20466755","1410419015","294112935","2009038695"
"2021/03/19","157295985","79606925","411191060","1397410755","2045504725"
"2021/03/18","128728540","106801785","248170480","272878005","756578810"
"2021/03/17","236355740","39849250","287329430","429262710","992797130"
"2021/03/16","244992055","1585765","219683885","485651145","951912850"
"2021/03/15","33751830","5436135","213142415","241308575","493638955"
"2021/03/12","100680725","200004585","216180435","32874230","549739975"
"2021/03/11","49433215","8698150","151132300","538965","209802630"
"2021/03/10","87451120","4779295","112442390","28982565","233655370"
"2021/03/09","104871395","7515160","185675065","74091250","372152870"
"2021/03/08","114474955","15225030","447973725","111495735","689169445"
"2021/03/05","82921350","6931320","254759860","41877480","386490010"
"2021/03/04","67148505","28759780","120755420","19065065","235728770"
"2021/03/03","30397950","958000","123357035","124670","154837655"
"2021/03/02","25611295","14370","222156560","9960640","257742865"
"2021/02/26","73804130","170016000","176314590","159409950","579544670"
"2021/02/25","57592095","274220580","40311445","88810065","460934185"
"2021/02/24","69646855","144198260","93152225","26225300","333222640"
"2021/02/23","87462395","34550795","314677965","80367290","517058445"
"2021/02/22","135287970","145200000","262720155","13056000","556264125"
"2021/02/19","90411070","23929315","187152425","517385","302010195"
"2021/02/18","151160165","9565","101903905","3495055","256568690"
"2021/02/17","183398800","0","330645060","20880555","534924415"
"2021/02/16","222029770","9580000","194709315","1604650","427923735"
"2021/02/15","313784325","14416920","152677480","2240025","483118750"
"2021/02/10","66633440","0","170459390","362530","237455360"
"2021/02/09","207567565","38386970","258301055","2599605","506855195"
"2021/02/08","83753815","47876490","354451060","13287945","499369310"
"2021/02/05","67880025","0","239865845","10266980","318012850"
"2021/02/04","73541160","950000","228848485","1794520","305134165"
"2021/02/03","70673560","43042500","193916095","14140920","321773075"
"2021/02/02","101450760","76953000","376816440","9577490","564797690"
"2021/02/01","167512430","17178000","152285315","332895","337308640"
"2021/01/29","221318325","33355000","152077790","16001525","422752640"
"2021/01/28","143244160","14319995","142872190","1865260","302301605"
"2021/01/27","147191180","19180000","242696855","63380050","472448085"
"2021/01/26","90211375","154687500","321872300","60398270","627169445"
"2021/01/25","88395220","160132505","108173940","0","356701665"
"2021/01/22","204592850","153219130","389439305","91597075","838848360"
"2021/01/21","188424305","268023170","143432885","28551525","628431885"
"2021/01/20","201389610","205910115","88880040","54726385","550906150"
"2021/01/19","105176810","174321905","353926435","2618650","636043800"
"2021/01/18","93502080","77309700","418329485","3115055","592256320"
"2021/01/15","142824100","90353285","281715915","29717120","544610420"
"2021/01/14","87730920","28567585","218220340","22170985","356689830"
"2021/01/13","613982260","78855515","249988620","26856760","969683155"
"2021/01/12","126356160","16730000","349811750","0","492897910"
"2021/01/11","235042265","4790000","474074790","249791360","963698415"
"2021/01/08","384777730","115163040","240692610","7509160","748142540"
"2021/01/07","756143115","24025000","168223360","28663575","977055050"
"2021/01/06","756179025","7349540","247488115","130021290","1141037970"
"2021/01/05","472216425","0","563361680","92571300","1128149405"
"2021/01/04","637014460","431062210","357400805","8832110","1434309585"
"2020/12/30","33171170","273664840","252256720","34100015","593192745"
"2020/12/29","188090700","0","74892695","38760520","301743915"
"2020/12/28","99353945","135265730","464448935","199757250","898825860"
"2020/12/24","148614515","155924845","548507630","241067125","1094114115"
"2020/12/23","66670365","123784605","339783325","48180170","578418465"
"2020/12/22","44481275","116678100","288913200","18565315","468637890"
"2020/12/21","225139055","340490235","285327765","39094335","890051390"
"2020/12/18","290018910","309844725","507914640","4829650","1112607925"
"2020/12/17","142141455","1672320","178691195","0","322504970"
"2020/12/16","47417695","1942000","132965370","26269270","208594335"
"2020/12/15","760003790","3886500","65605290","20122840","849618420"
"2020/12/14","1021412410","498270","63042615","1527425","1086480720"
"2020/12/11","2976259645","8656525","128852765","127446005","3241214940"
"2020/12/10","372479480","326091595","418615420","25351465","1142537960"
"2020/12/09","264293965","95500","37345105","363595","302098165"
"2020/12/08","158903845","95400","81260465","49983040","290242750"
"2020/12/07","274823810","8100450","530858025","31212775","844995060"
"2020/12/04","56024725","23900","278996055","15907735","350952415"
"2020/12/03","63296875","1416990","255776370","4765","320495000"
"2020/12/02","87887000","0","251076810","40636275","379600085"
"2020/12/01","389258590","14295000","940719350","65738435","1410011375"
"2020/11/30","171697325","0","283039465","28809255","483546045"
"2020/11/27","439220280","35925000","1207805095","117445555","1800395930"
"2020/11/26","159340735","521911740","1211651630","191790190","2084694295"
"2020/11/25","300283435","85577500","1093947230","143962875","1623771040"
"2020/11/24","231490110","55678500","824884980","163466825","1275520415"
"2020/11/23","350526445","136895000","761996065","18878410","1268295920"
"2020/11/20","90210160","0","260894150","489520","351593830"
"2020/11/19","123939155","132010000","630107655","39583290","925640100"
"2020/11/18","104438725","39589000","365530365","58540340","568098430"
"2020/11/17","126821430","2440000","205798370","15175300","350235100"
"2020/11/16","225724420","19540000","332955920","3866855","582087195"
"2020/11/13","104858560","9790000","342912210","17042175","474602945"
"2020/11/12","126780310","75832500","404611980","37335145","644559935"
"2020/11/11","103256860","39413955","744033700","74355050","961059565"
"2020/11/10","51390560","98558175","505590715","55077205","710616655"
"2020/11/09","109530470","56735000","115860950","10215875","292342295"
"2020/11/06","154683160","132925000","260742535","23708820","572059515"
"2020/11/05","41501935","54340000","225288320","18270250","339400505"
"2020/11/04","74851465","144042720","251039000","27415315","497348500"
"2020/11/03","133042250","19760000","425385715","4954950","583142915"
"2020/11/02","84202450","0","687238370","9593485","781034305"
"2020/10/30","168880035","0","259768675","18331755","446980465"
"2020/10/29","92427770","79089935","361847765","4940","533370410"
"2020/10/28","100339560","196688345","240254590","21878995","559161490"
"2020/10/27","144398390","19760000","555189930","53479800","772828120"
"2020/10/26","187772750","162849340","802440135","31914515","1184976740"
"2020/10/23","87234920","203272480","1160019025","114634715","1565161140"
"2020/10/22","176125370","508171030","730359485","42336530","1456992415"
"2020/10/21","108477625","371172520","622027185","25142800","1126820130"
"2020/10/20","121227760","108689775","348210570","20594590","598722695"
"2020/10/19","437622825","52836950","480487875","54367750","1025315400"
"2020/10/16","73762355","995275","332747010","36753665","444258305"
"2020/10/15","46645175","995275","238593085","7965950","294199485"
"2020/10/14","100601840","136768935","557293290","43688600","838352665"
"2020/10/13","200156135","2470095","167537165","29250710","399414105"
"2020/10/12","32269485","6219330","524842180","17162130","580493125"
"2020/10/08","180530930","74217655","604621285","36809245","896179115"
"2020/10/07","71602165","33900420","284178160","4780","389685525"
"2020/10/06","98804070","14290000","359872920","14491955","487458945"
"2020/10/05","178056065","248257390","375615895","72483290","874412640"
"2020/09/29","116215535","38237840","153010480","14222800","321686655"
"2020/09/28","147852730","205953000","269370785","0","623176515"
"2020/09/25","273719645","4705000","291020555","25727805","595173005"
"2020/09/24","222632205","112799880","264667000","37667330","637766415"
"2020/09/23","61483355","104691225","155401860","22816170","344392610"
"2020/09/22","153413790","0","293684420","22194995","469293205"
"2020/09/21","141482330","113653790","733130960","14893940","1003161020"
"2020/09/18","261271535","64780800","315265760","40661440","681979535"
"2020/09/17","149430475","210337860","471404715","41537455","872710505"
"2020/09/16","379255040","21737500","334077820","44633335","779703695"
"2020/09/15","206304085","48114900","326738355","4704705","585862045"
"2020/09/14","123555855","15396740","453787495","14105","592754195"
"2020/09/11","25328805","146889755","725501110","57885610","955605280"
"2020/09/10","133998505","0","449901965","4391585","588292055"
"2020/09/09","160461470","187400","456439055","4695","617092620"
"2020/09/08","102279015","470000","644554185","18253155","765556355"
"2020/09/07","306024820","350088500","763006130","14075","1419133525"
"2020/09/04","166290315","167880340","1069758975","19740130","1423669760"
"2020/09/03","418972920","50456575","1552733435","14104670","2036267600"
"2020/09/02","401693790","1051000","943397185","2667970","1348809945"
"2020/09/01","907516970","326163495","1235587695","44172145","2513440305"
"2020/08/31","3484223800","553470155","9502304525","78801650","13618800130"